233.2910792824074
178.73407407407407
178.8419212962963
178.74605034722222
178.16331597222222
177.92953993055556
177.46711805555557
177.39653645833334
177.56333043981482
177.07633391203703
177.0662818287037
176.86536747685184
176.65782118055554
176.17340856481482
176.3492997685185
176.33300347222223
176.78258391203704
178.1469675925926
179.3332465277778
179.52670717592594
179.18772280092594
179.12291956018518
178.94109953703705
178.87679398148148
179.04147858796296
178.666171875
178.624296875
178.44767939814815
178.26652488425927
178.08355902777777
178.01219618055555
177.75560185185185
177.65539930555556
177.3625954861111
177.2567361111111
177.23087962962964
176.62626157407408
176.16874131944445
176.25353587962962
176.4790162037037
176.45443576388888
176.66546296296298
178.15694155092592
179.68172164351853
179.66341145833334
179.59872395833332
179.3548148148148
179.267734375
179.35827546296295
179.14807291666668
178.8526707175926
178.85880787037038
178.96432002314816
178.8064525462963
178.68035011574074
178.5461371527778
178.0773871527778
177.93160300925925
177.83486400462962
177.82000868055556
177.91232638888889
177.52121817129628
177.38786168981483
176.8291840277778
176.32734664351852
176.56758391203704
176.9291753472222
177.22551215277778
178.2190943287037
179.80320601851852
180.71341435185184
180.70824074074076
180.45072337962964
180.2519502314815
179.65272858796297
179.76002314814815
179.69994502314816
179.5989236111111
179.71341724537038
179.4488917824074
179.19612557870371
178.82484085648147
178.49723090277777
178.18860532407408
177.90734375
177.96317418981482
177.65361400462962
177.52661747685184
177.13163483796296
176.63173032407408
176.46506076388889
176.30089699074074
176.61637731481483
176.74192129629628
177.5841261574074
179.24542824074075
180.06102719907406
180.1468923611111
180.05265914351853
179.93765625
179.37591724537037
179.31914351851853
179.36323784722222
179.38520254629628
179.28846354166666
179.2533767361111
178.88768229166666
178.53706886574074
178.37351851851852
178.3398408564815
178.161796875
178.0360648148148
178.03109953703705
177.79425636574075
177.91858796296296
177.34821469907408
176.93263020833334
177.17283854166666
177.41436921296295
177.81870949074073
178.6749363425926
180.24769386574076
180.3219618055556
180.02401041666667
179.52787037037038
179.4152488425926
179.37076099537038
179.24433738425927
179.02782118055555
178.96359375
179.08887152777777
178.81718460648148
178.65868923611112
178.4362905092593
178.2151707175926
178.11282407407407
178.07575231481482
178.04740162037038
177.83797164351853
177.66650752314814
177.04357638888888
176.74381944444443
176.51643807870371
176.57787615740742
176.70716724537036
177.01469618055555
177.49191550925926
178.7914988425926
180.03536747685186
180.1922974537037
179.77934027777778
179.68736689814816
179.58824652777778
179.52755208333335
179.28951678240742
179.22478877314813
178.85576099537036
178.48366319444443
178.20627604166663
178.08158564814815
177.9578587962963
177.8689207175926
178.12825520833334
177.69590277777775
177.77225694444445
178.17205729166668
176.7869560185185
176.56872974537038
176.38944444444445
176.58736979166667
176.53296006944444
176.6355179398148
177.25680555555556
178.77309895833332
179.5289380787037
179.447109375
179.34358506944446
179.49567997685185
179.4121875
179.11591435185184
179.16816261574073
179.32005497685185
178.76870081018518
178.46618923611112
178.48896412037038
178.4100144675926
178.1098726851852
178.08319155092593
177.92735243055554
177.66363136574074
177.66249710648148
177.01439814814816
176.3779369212963
176.0413744212963
176.196328125
176.14733506944444
176.38409143518518
177.63080150462963
179.04357349537037
179.1628761574074
179.03984664351853
178.8445920138889
178.8317332175926
178.84747685185187
178.66150173611112
178.3989554398148
178.41288773148148
178.31980324074075
178.4224045138889
178.17880787037038
177.87399305555556
177.67352141203705
177.46441550925925
177.51083622685186
177.4452662037037
177.28035011574073
176.7915625
176.5857986111111
176.60217592592593
176.79679398148147
177.0719560185185
177.2477488425926
178.72648148148147
180.03975983796298
180.70257233796295
180.99988715277777
179.57307002314815
179.24157407407407
179.61763888888888
179.5733622685185
179.30703125
179.25497974537038
179.07433159722223
178.85173032407408
178.33346064814816
178.2721875
178.2997482638889
178.03460069444444
177.76905381944445
177.88819444444445
177.44700520833334
176.93208043981485
176.4501446759259
176.43616030092593
176.61451967592592
176.75364293981482
177.24533854166663
178.5869994212963
178.92344618055554
178.79174189814816
178.62547164351852
178.47167824074074
178.68712094907409
178.62679398148148
178.59192997685184
178.5194994212963
178.38300636574073
178.21054976851852
177.94931134259258
177.73723958333332
177.66946469907407
177.7393778935185
177.4248900462963
177.48500578703704
176.9652170138889
176.4458622685185
176.4097800925926
176.33942418981482
176.15633391203704
176.0874971064815
176.33984953703705
178.04907986111112
179.70709201388888
179.85600405092592
179.5548292824074
179.3422019675926
179.64993634259258
179.6496383101852
179.49194155092593
179.2176533564815
178.93296006944445
178.78013599537036
178.54416666666663
178.42524305555557
178.29546296296297
178.18666956018518
178.01609664351852
177.98030092592592
177.93581597222223
177.65622395833333
177.41062210648147
177.32903935185186
177.1845167824074
177.31779224537038
177.70660011574074
178.156953125
179.853046875
181.0587818287037
180.99441840277777
180.7718084490741
180.3075289351852
180.1571064814815
179.88020833333334
179.9000173611111
179.82782118055556
179.72938657407408
179.7988599537037
179.6034693287037
179.04348958333333
178.74161168981482
178.5241724537037
178.29230613425926
178.2638454861111
178.18352719907406
177.97290219907407
177.67464409722223
177.56133101851853
177.63521990740742
177.7912037037037
177.81165219907408
179.25854166666667
180.5976707175926
179.9149045138889
179.86423900462964
179.60743055555557
179.3812528935185
179.70270543981482
179.46537037037038
179.1174826388889
179.04067708333332
178.75329861111112
178.5759693287037
178.41538773148147
178.1755758101852
177.9149074074074
177.79363425925925
178.07715856481482
178.14288194444444
177.95219618055555
177.71793981481483
177.51657407407407
177.39697627314814
177.47949074074074
177.684140625
178.5161226851852
180.0123003472222
180.42232928240745
180.3815133101852
180.17125289351853
180.4487789351852
180.7536342592593
180.31521701388888
180.38288194444445
180.15315104166663
179.422265625
179.15057002314813
179.27864583333334
178.96832175925925
178.72087094907408
178.6521238425926
178.28138020833333
178.13013310185184
177.9742361111111
177.9391666666667
177.8661284722222
177.6370949074074
177.9126417824074
177.78158564814814
178.05644097222222
179.05974826388888
180.19984085648147
180.55796875
180.17730902777777
180.10997974537037
179.64477430555556
179.7070486111111
179.83213831018517
179.58328993055557
179.5081886574074
179.39981481481482
179.81615162037036
179.63543981481482
178.86837094907406
178.70325520833333
178.45712962962963
178.3049826388889
178.12641203703703
177.88488715277776
177.68692418981482
177.45899305555557
177.5074826388889
177.6735300925926
177.6686689814815
177.72203703703704
178.18581018518518
179.51725694444443
179.8528153935185
179.79458912037038
179.912421875
179.59151331018518
179.51567997685186
179.53792245370371
179.2719068287037
179.04697627314815
178.71919560185185
178.67164351851852
178.53017650462962
178.28013310185185
178.2018605324074
178.0444994212963
177.8629832175926
177.90432581018518
177.58903935185185
177.24782118055555
177.31936921296295
177.33511574074075
176.94425925925927
177.0786747685185
177.02253472222222
177.3396585648148
179.34544849537036
180.38817997685183
180.67260127314816
180.52786458333333
179.91194155092592
179.8739554398148
179.83736400462962
179.59986111111112
179.22437789351852
179.09589699074073
178.9231278935185
179.17583622685186
179.27623842592592
179.0863425925926
178.94041087962964
178.78304398148148
178.46366898148148
178.120390625
178.32156828703702
178.12615451388888
177.61583333333334
177.06554108796297
176.84480324074073
176.90099247685183
177.23440393518518
177.4882783564815
178.46793402777777
179.8051851851852
180.28827256944444
180.1172019675926
179.6798900462963
179.3761255787037
179.27354456018517
179.3226273148148
179.31289930555556
179.30144097222222
179.0569502314815
178.9049363425926
178.44749131944445
178.15914641203705
178.35380497685185
178.21633969907407
178.00322337962962
177.7684866898148
177.6228125
177.57911458333334
177.43747685185184
177.09060185185186
176.9197309027778
176.68223090277775
176.86644097222222
177.03918981481482
177.0534866898148
178.32268518518518
179.378359375
179.53919270833333
179.24008391203705
179.04825520833333
178.99880787037037
179.0902372685185
178.95921296296297
178.92818865740742
178.96008391203705
178.87488715277777
178.57044849537036
178.4095746527778
178.40692418981482
178.1542939814815
178.44708912037038
178.08559895833332
178.1176880787037
178.19138310185184
178.1381741898148
177.9235474537037
176.82808449074074
176.50419849537036
176.34461226851852
176.61655960648147
176.52683449074075
176.71831018518515
177.7503298611111
179.1323292824074
179.0850491898148
178.85269097222223
178.80230613425925
178.62535590277778
178.82228587962962
178.8119849537037
179.09577835648147
178.93522569444443
178.88879050925925
178.64197627314817
178.6568287037037
178.52322627314814
178.7099074074074
178.4771238425926
177.43799479166665
177.22197916666667
177.07663483796296
176.82223958333333
176.65821180555557
176.4004398148148
176.0384085648148
175.64405092592594
175.78967881944445
175.88504340277777
176.07816840277778
176.88895543981482
178.26166377314814
178.82492766203703
179.22394675925926
179.11674479166666
179.4271701388889
179.57108506944445
178.8842013888889
178.79506944444444
178.19015625
178.1093431712963
178.02214988425925
177.95072337962964
177.84497685185184
177.80111689814814
177.69445023148148
177.50383680555555
177.62528356481482
177.62627314814816
177.44771990740742
177.0372627314815
176.78453125
176.5168431712963
176.71263310185185
177.0199045138889
176.89860243055554
177.5244212962963
178.6835966435185
179.44419270833333
179.79041956018517
179.8640133101852
179.6277025462963
179.48080150462962
179.6312818287037
179.66916666666663
179.62942708333333
179.67373842592593
179.5335445601852
179.18880497685186
178.9714351851852
178.95197916666666
178.6754832175926
178.29174479166667
177.97235243055556
177.95530960648148
177.8510329861111
177.37268229166668
176.95189814814816
176.92983796296295
177.1439525462963
177.3644675925926
177.77938078703704
178.49865162037037
179.86292534722222
180.4774016203704
180.1603298611111
180.0426707175926
179.9002372685185
179.88894965277777
179.73890335648147
179.59787905092594
179.37219907407408
179.23092592592593
178.89040798611111
178.76568576388888
178.527109375
178.36236979166668
177.98804398148147
177.7716377314815
177.84508101851853
177.4437818287037
177.0793576388889
176.96799479166663
176.97181712962964
177.17041377314814
177.2512962962963
177.7322800925926
179.1671412037037
180.07316550925927
180.19069444444443
179.9851186342593
180.12653645833333
179.9172800925926
180.08078125
179.88957465277778
180.39809027777775
180.17429976851847
180.3386226851852
180.4239351851852
179.44017650462962
179.377109375
179.2177228009259
179.4646875
179.15154513888888
178.74064814814815
178.26368344907408
178.3062326388889
178.75447916666667
178.83289930555554
178.86731481481482
180.3919328703704
180.84972222222223
180.7760734953704
180.97403935185184
180.81205439814812
180.8635648148148
181.03445891203705
180.86733506944444
180.76249710648148
180.2658130787037
180.1268431712963
180.08333333333334
179.98441261574075
179.68197627314814
179.5694184027778
179.38572337962964
179.573046875
178.9590335648148
178.38165798611112
178.3622048611111
178.49756655092594
178.3902025462963
178.2008478009259
178.45320023148147
179.9770457175926
180.9599797453704
181.0040798611111
181.07700520833333
180.72565104166668
180.95263310185183
180.98835069444445
180.9886892361111
180.87955729166663
180.85007233796296
180.6184085648148
180.64976851851853
180.6719994212963
180.45838541666663
180.3463425925926
180.31203703703704
180.1096990740741
180.42940972222223
180.63377025462964
180.32325810185185
179.69495949074073
179.89892939814814
179.71602719907406
180.4154340277778
181.64022569444444
182.48667534722225
183.36419560185183
183.013203125
183.0716984953704
182.9777980324074
182.70129340277776
182.70897280092592
182.5251041666667
182.49230613425925
182.3904484953704
182.7091377314815
182.4221614583333
182.0170486111111
181.83866898148148
181.67713252314812
181.46674479166663
181.45914930555557
181.43294560185183
181.40477430555555
181.2747366898148
181.0984837962963
180.9595833333333
180.81809317129628
181.03671296296292
180.91780960648148
180.7829079861111
180.93771122685183
180.85169270833333
180.8271585648148
180.6559172453704
180.3237210648148
180.0468258101852
180.1716550925926
179.93164930555557
179.99015625
179.53171296296296
179.7015943287037
179.5947337962963
179.4307204861111
179.47430844907407
178.60645543981482
178.40346643518518
178.16238425925926
178.01269097222223
177.63995081018518
177.6623900462963
177.80500578703703
178.00492766203703
179.00459780092592
180.27358506944444
180.31633391203704
180.38472800925925
180.12594328703705
180.00852719907408
180.39461516203704
180.2033015046296
179.960234375
179.7198611111111
179.87280381944444
179.6504050925926
179.68744791666666
179.45780381944445
179.2902951388889
178.98089699074075
178.75173032407406
178.54422453703702
178.7461429398148
178.63780671296297
178.06300636574073
177.98848958333335
177.66074074074075
177.66801215277778
178.07083333333333
178.77972800925926
179.84247106481482
181.0382204861111
181.2412962962963
181.0760011574074
180.6832320601852
180.79603877314813
180.61553819444444
180.4120746527778
180.35252314814812
180.08836805555555
179.67750289351852
179.46154513888888
179.1336400462963
178.83800925925925
178.70644097222225
178.5139988425926
178.40012442129628
178.2696412037037
177.88649594907406
177.56100694444444
177.2741435185185
177.21113425925927
177.55960069444444
177.6468084490741
177.8328761574074
179.5264236111111
180.1573263888889
180.02686631944445
180.1732986111111
180.09417534722223
180.17403935185183
179.8932667824074
179.77805266203703
179.5804369212963
179.69330439814814
179.69873842592594
179.95277199074073
179.7079571759259
179.53572916666667
179.5634693287037
178.55511284722223
178.1189699074074
177.8685474537037
177.6595949074074
177.7171267361111
177.69120949074073
177.59954282407406
177.37728877314814
177.72497395833332
177.78042534722223
177.88703993055557
178.83984953703705
180.26320891203704
180.5427141203704
180.2958420138889
180.1891116898148
180.17268229166663
179.99987268518518
180.3127141203704
180.4121498842593
180.23488425925925
180.22131944444445
180.1432465277778
180.0491145833333
180.04361979166666
179.8339207175926
179.73167534722222
179.6349392361111
179.76002025462964
179.7006221064815
179.51083333333332
179.02341435185184
178.7036747685185
178.44547164351852
178.49583043981482
178.51020254629628
178.85154224537038
180.0222280092593
181.21156828703704
181.4408246527778
181.41261284722225
181.3537297453704
181.2987008101852
181.208203125
180.88456597222225
180.99934895833331
181.03116030092596
180.90997685185187
180.58458043981483
180.39788483796295
180.27977141203704
180.03733796296297
180.04773726851852
179.92744502314815
179.59489293981483
179.3850954861111
179.07697627314815
178.84092881944446
178.18097511574075
178.19128761574075
178.2242650462963
178.44225405092592
179.39107060185185
180.71581597222223
181.09566261574076
180.74982060185187
180.5949797453704
180.54414641203704
180.78276041666663
180.6173755787037
180.28047453703704
180.10044270833333
180.2213396990741
179.8151388888889
179.9638165509259
179.80636284722223
179.70945023148147
179.68310474537037
179.16703993055555
179.1449045138889
178.83125289351852
178.5525434027778
178.26203703703703
177.6262181712963
177.8191261574074
177.85694733796296
178.03840277777778
179.07038483796296
180.36941261574077
180.67678240740744
180.66831886574076
180.58142071759255
180.81337094907408
180.4993315972222
180.31890625
180.2391984953704
179.91743055555557
179.8060590277778
179.7714988425926
179.61892939814814
179.65675347222222
179.4557320601852
179.3729369212963
179.13544849537038
178.93831597222223
178.7518142361111
178.94181712962964
178.72551215277778
178.6355324074074
178.16168113425925
178.01174768518518
178.0864554398148
178.25433159722223
179.06745949074073
180.7721701388889
181.4339265046296
181.463046875
181.43717881944443
180.9230266203704
180.99552372685184
180.6867795138889
180.78271701388888
180.48961805555555
180.06627604166667
180.11048900462964
180.29305844907407
180.04260416666668
179.67536168981482
179.70819733796296
179.3757204861111
179.68419270833334
179.80389178240742
179.0978443287037
178.66028356481482
177.70583622685186
177.65414930555556
177.91111979166666
177.9119241898148
178.00619212962962
179.20905381944445
180.4900868055556
181.00057002314816
181.17375
180.9424710648148
181.06519965277775
180.8394039351852
180.3731741898148
180.41451678240745
180.14694733796296
179.9349971064815
179.94258391203704
179.77052083333334
179.66586516203705
179.54332465277778
179.09384837962963
178.8321701388889
178.69910590277777
178.8424508101852
178.3432349537037
178.34178530092592
178.25194444444443
177.7602662037037
178.02241608796297
178.07153645833333
178.36129918981482
179.35185185185185
180.85537615740745
181.1942332175926
180.79698784722223
180.73869502314813
180.59205150462964
180.66178819444443
180.36363136574076
180.2862644675926
180.29197627314812
180.1855758101852
179.84350983796296
179.52352141203704
179.71606770833333
179.60037326388888
179.35629340277777
179.2079398148148
179.07441261574073
178.76813078703702
178.6436545138889
178.49069444444444
178.06590277777778
177.97949363425926
177.30108796296295
177.54077546296296
177.7507349537037
178.10103877314816
179.47045138888888
180.57765335648148
180.52761284722223
180.77349826388888
180.60571469907407
180.4595891203704
180.6578761574074
180.6381712962963
180.24394097222225
180.01058159722223
179.83856770833333
179.81829861111112
179.53047743055555
179.33754050925927
179.14885706018518
179.1235590277778
179.09269965277778
179.00432291666667
178.8087991898148
178.73288194444444
178.82306134259258
178.59755787037037
177.78076099537037
177.63093171296296
177.6984375
177.59601851851852
178.58239872685186
179.9735503472222
181.28171006944444
181.1230266203704
181.59508101851853
181.47506365740745
180.69538194444445
180.6080150462963
180.68118634259255
180.72189525462963
180.21188946759256
179.90468460648148
179.52053240740742
179.54890914351853
179.5062355324074
179.22701678240742
179.2052488425926
179.01768229166666
179.0284519675926
178.7981886574074
179.0008912037037
178.725078125
178.44631655092593
178.01069733796297
178.14496527777777
178.42712673611112
177.74464409722222
178.3528472222222
179.9949855324074
180.83985532407408
180.81185185185183
180.68275752314813
180.7246730324074
180.62633969907407
180.39230902777777
180.3036140046296
180.00339988425927
179.93588252314814
180.00962094907408
179.79964699074074
179.50699942129629
179.3437991898148
179.35486400462963
179.19750868055556
178.72435474537036
178.66022280092594
178.5787644675926
178.50204571759258
178.31765625
177.95428819444444
177.99142939814814
178.09002314814813
178.51564814814816
179.0244502314815
180.38982060185185
181.20024016203703
180.94804108796296
180.61667824074075
180.753671875
180.6712037037037
180.90512152777777
180.7429369212963
180.29714699074077
180.20854166666663
180.35663483796296
180.1435185185185
180.35696759259255
180.26046296296295
179.35424189814816
179.35069155092592
179.49144097222222
179.57221064814814
179.13919849537038
178.64048900462964
178.24831307870372
178.06126157407408
178.1113454861111
178.02769965277778
178.81934027777777
180.35714699074077
181.18242766203704
181.22084780092592
181.13002604166667
181.14677372685185
181.0447309027778
181.0910648148148
181.0591203703704
180.7585474537037
180.42169560185187
180.23155960648148
179.99638310185185
179.51109085648147
179.1223466435185
179.12277199074074
179.1831712962963
178.92886284722223
178.62846932870372
178.31077256944445
178.01624131944445
177.8266898148148
177.2581568287037
177.36058738425925
177.39973958333334
177.64734664351852
179.12024016203705
180.21280671296296
180.34900752314812
180.21694155092592
180.09102719907406
180.0391869212963
179.94522280092593
179.71522280092591
179.60373842592594
179.59867766203703
179.6608275462963
179.4384085648148
179.29643518518515
179.1902951388889
178.92600983796297
178.73461805555556
178.84305555555557
178.6279513888889
178.45678240740742
177.87232060185184
177.60025173611112
177.7235474537037
177.9320138888889
177.99622974537036
179.19736111111112
180.52644965277776
180.9313310185185
180.92416666666668
180.63536168981483
180.34439236111112
180.5076215277778
180.2844618055556
180.67069155092597
180.4856336805556
180.58089988425925
180.5880150462963
179.36819733796295
179.20115162037038
179.07121527777778
178.6212673611111
178.5719560185185
178.64838541666666
178.43381944444445
178.17313657407408
178.0836574074074
178.19063078703704
178.0353096064815
177.98613425925927
178.75363715277777
180.32674479166667
180.80638888888888
180.88894386574077
180.6422106481481
180.3886689814815
180.44743344907408
180.39671296296297
180.3801388888889
180.2843287037037
180.23824074074076
180.19929398148147
179.8052372685185
179.48366608796297
179.3945486111111
179.24077835648148
179.1533130787037
179.0770486111111
178.98236979166666
178.50958622685187
178.00735243055556
177.8932638888889
177.38271701388888
177.65285300925925
178.01844328703703
178.24412905092592
179.61705729166667
180.74032986111112
180.95465277777777
180.92308159722225
180.46908854166668
180.5966203703704
180.65183738425927
180.46835069444444
180.39822048611111
180.1606539351852
180.1706394675926
179.9579224537037
179.83121817129629
179.7005034722222
179.25471643518517
178.9745746527778
178.935703125
178.8625636574074
178.83120081018518
178.5447829861111
178.23833912037037
178.0097511574074
177.5702025462963
177.63052372685186
178.11208333333337
178.48150462962963
179.90119791666666
181.06152777777777
180.9126851851852
180.6883883101852
180.523984375
180.45351273148148
180.31730613425927
180.2951359953704
179.94736111111112
179.56844618055555
179.71286168981482
179.47839409722224
179.65953703703704
179.4792476851852
179.36556712962962
179.09992476851852
178.66948206018515
178.40422743055555
178.89089409722223
178.8055758101852
178.478359375
178.17234953703704
177.91658854166667
177.73828703703705
177.76940972222224
178.41728877314816
180.10125868055556
180.8004427083333
180.6308130787037
180.6008940972222
180.47725694444443
180.313515625
180.4293547453704
180.38434895833333
180.01888599537037
179.9834837962963
179.85138599537038
179.52527488425926
179.39479745370372
179.50041377314815
179.14846064814816
178.82525462962963
178.95307291666666
178.99532986111112
178.94064525462963
178.47510416666665
178.4818431712963
178.40975405092593
177.94985243055555
178.0374363425926
177.94478587962962
178.1201388888889
179.5455787037037
180.60635416666668
180.80122106481485
180.90405092592596
180.71403935185185
180.58888310185185
180.4430758101852
180.4166550925926
180.51278645833327
180.29276909722225
180.3386574074074
180.2361863425926
180.0718721064815
179.85932002314814
179.64421875
179.3339988425926
179.23443576388888
178.97640335648148
178.91221354166666
178.79747685185183
178.81015914351852
178.66876157407407
178.2078732638889
178.2044849537037
178.02584780092593
178.5172829861111
179.14925636574074
180.68226273148147
180.90767939814816
180.52155092592596
180.87689236111112
180.71804108796297
180.6385445601852
180.48255497685184
180.28927083333332
180.28273726851853
180.06831886574074
179.71740740740742
179.65927083333332
179.35323206018518
179.30966724537038
179.30955150462964
178.8643576388889
178.6260792824074
178.71779803240742
178.58953703703705
178.81996527777778
178.3862210648148
178.8593431712963
179.38416666666666
177.88164641203704
177.90750578703702
178.48203414351852
179.88961805555556
180.6860590277778
180.3994502314815
180.03850694444444
179.69383391203704
179.58980324074074
179.73921296296297
179.61166377314814
179.6972800925926
179.62402777777777
179.4186545138889
179.21144097222222
179.04128761574074
178.96213541666663
178.67555266203703
178.485546875
178.43624421296298
178.4442361111111
178.1725607638889
177.46144386574073
177.3103414351852
177.00127893518518
176.8882667824074
177.93588541666668
177.93449074074073
179.17985532407408
180.6734693287037
181.34647280092597
181.51184027777776
179.97649594907406
179.67747685185185
179.42349537037038
179.39514178240742
179.3247974537037
179.20059606481482
178.9742476851852
178.67550347222223
179.06139756944444
178.91229166666668
179.39344328703703
179.56584780092592
178.13484664351853
177.95242766203702
177.63752314814815
177.55721064814816
177.54990162037038
177.24562789351853
177.01677662037036
177.34442418981482
177.06883969907406
177.29780671296297
178.54854456018518
179.67914930555557
179.81781828703703
179.78136863425925
179.30991898148147
179.3407320601852
179.62514756944444
179.36239872685186
179.03646412037037
178.734375
178.4627662037037
178.35942997685186
178.32181712962964
178.0761689814815
178.05317708333334
178.07575520833333
178.2451533564815
178.30707754629628
178.0777633101852
177.59363425925926
177.0908130787037
177.06603587962962
177.47805555555556
176.01153935185187
175.8753269675926
177.05542824074075
178.12436342592594
178.05722511574075
177.80442129629628
177.65879918981483
177.62130787037037
177.5969241898148
177.7274565972222
177.7642505787037
177.4797974537037
177.19550636574073
176.90973090277777
176.53440104166663
176.80654803240742
176.8489525462963
176.804921875
176.6336400462963
176.5959056712963
176.6855613425926
175.9021875
175.23313078703703
175.2393923611111
175.0614554398148
175.34865162037036
175.48794560185186
176.36602141203704
178.006171875
178.79605034722223
178.88120949074073
178.47431712962964
178.13449942129628
178.03574074074075
178.06384837962963
178.15203993055556
178.0554542824074
177.91265335648148
177.7991579861111
177.6773726851852
177.55779513888888
177.33605034722223
177.04457465277778
176.7139236111111
176.4251244212963
176.55500289351852
176.36472511574075
176.00984085648147
175.88219039351853
175.6200462962963
175.7221383101852
175.81754629629629
176.45164641203704
177.75985821759258
178.71075520833332
178.6572771990741
178.32650752314814
177.98680266203704
177.77299479166666
177.89018229166666
177.81280092592593
177.58838252314814
177.62652777777777
177.58335648148147
177.37938657407406
177.2512962962963
176.9828298611111
176.83211226851853
176.4990943287037
176.41211805555557
176.44210069444443
176.64380208333333
176.3677199074074
175.8668634259259
175.6921267361111
175.80306712962962
175.57894965277777
176.28806134259258
177.75311342592593
178.6543605324074
178.61916377314816
178.03964988425926
177.8124652777778
177.90394097222222
178.1608130787037
177.55462094907406
177.35588252314815
177.21071180555555
177.20725405092594
177.1036255787037
176.70230613425926
176.2736255787037
176.33484375
176.4791087962963
176.21887152777776
176.24847222222223
176.2851070601852
175.61647569444443
175.1475636574074
175.01373842592594
174.92491898148148
175.08930844907408
175.55646122685187
176.91511863425927
177.9905758101852
178.3095775462963
177.94613136574074
177.8784375
177.7508912037037
177.6646238425926
177.68471354166667
177.35816840277778
177.32889756944445
176.91808738425925
176.93761284722223
177.21828414351853
177.09578414351853
177.26088541666667
177.16218171296296
176.18690104166666
176.25905092592592
175.93468460648148
175.51294849537038
175.0520949074074
174.7706076388889
174.6420138888889
174.8961082175926
174.96335358796296
175.37717881944445
176.93572627314813
178.15176793981482
178.0827488425926
177.90990451388888
177.7725144675926
177.59768229166667
177.69230324074073
177.4471238425926
177.46006944444446
177.36657118055555
177.34539930555556
177.08972800925926
176.8628732638889
176.7034866898148
176.74049479166666
176.88649305555555
176.24854166666665
175.97374421296297
175.88844907407406
175.94802083333337
175.6013917824074
175.16644965277777
174.68765046296295
174.77622106481482
174.63508680555557
174.98953125
176.06329571759258
177.52425925925925
177.86797743055556
177.66047164351852
177.7227662037037
177.48661168981482
177.22433738425926
176.75276331018517
176.39985243055557
176.2192997685185
176.18155092592593
176.02460069444444
175.63525752314814
175.46667534722224
175.52306712962962
175.32684606481482
175.31968171296296
175.35349247685184
175.50576388888888
175.61511284722224
175.2379947916667
174.7208275462963
175.08674768518517
175.0915943287037
174.1410329861111
174.33229166666666
175.50204861111112
176.90188657407407
177.20102719907408
177.18435185185186
177.23755787037038
177.2093460648148
177.0773871527778
177.13484085648147
176.96343171296297
176.93029513888888
176.82981770833334
176.6465480324074
177.06042534722224
176.49922743055555
176.6576533564815
176.5624508101852
176.88280671296295
177.556875
178.72764756944446
179.02056712962963
178.5328790509259
178.42963541666666
177.58070891203704
177.80883391203704
177.80393229166663
177.7306076388889
178.12505787037037
179.34477141203703
179.88055844907407
179.86219039351852
179.8362239583333
179.72689814814814
180.11525752314816
179.95421875
179.50028935185185
179.29359375
178.8429079861111
178.57312789351852
178.4723466435185
178.20680844907406
178.1942505787037
178.0891116898148
178.26825231481482
177.75635416666665
176.80081018518518
176.6497019675926
176.2966724537037
176.10738136574074
175.8818431712963
175.53982349537037
175.91198206018518
175.99141203703704
176.74353009259258
178.14452546296295
179.1901591435185
179.21330439814815
178.91398148148147
178.5705179398148
178.28603877314814
178.39630208333332
178.40497395833333
178.6806076388889
178.37707175925925
178.11738136574073
178.14338831018517
178.09672743055555
177.9531423611111
177.6103732638889
177.9797685185185
177.52548611111112
177.88731481481483
177.8053443287037
176.6477314814815
176.5701707175926
176.07851273148148
175.92734664351852
175.89671585648148
176.0965798611111
177.07467013888888
178.02991319444445
178.52133391203705
178.44514756944446
177.8492476851852
177.6965972222222
177.90836226851852
177.83764178240742
177.4305815972222
177.35901041666668
177.4527199074074
177.2098726851852
177.08094039351852
176.91613425925925
176.67693576388888
176.57346064814814
176.50365162037036
176.20111979166666
176.18076099537038
175.99258391203705
175.6484346064815
175.4387644675926
174.89822048611111
175.07596064814814
175.16836805555556
175.19308738425926
175.7909982638889
177.23853587962964
178.34091145833332
178.5813252314815
178.2826880787037
178.12791956018518
178.42159143518518
178.2684230324074
178.0896730324074
177.84
177.77408854166666
177.60511863425927
177.28462094907408
177.10309606481482
177.06896701388888
176.8319820601852
176.86834490740742
176.69041666666666
176.71627314814816
176.62581597222223
176.4524565972222
176.0279976851852
175.32975694444443
175.08284722222223
174.86547453703704
174.62985821759258
174.54500868055555
175.51200231481482
177.3300810185185
177.55125868055555
177.27636284722223
177.1068402777778
176.98172743055557
177.10661458333334
176.97965277777777
176.9540335648148
177.05758969907407
176.84245659722222
177.1535300925926
176.89198784722225
177.09651331018517
176.9453125
175.40641782407408
175.2943431712963
174.96673611111112
175.01468171296295
174.99687210648148
174.8173263888889
174.57557581018517
174.06890625
173.9202459490741
173.73840277777776
174.24727719907406
175.76935185185187
177.09324652777778
177.20280671296297
177.1659056712963
176.62133680555556
176.34230324074073
176.02434027777778
175.92034722222223
175.90048032407407
175.9140133101852
175.70598090277778
175.79961226851853
175.56400173611112
175.28396412037037
175.20090856481482
174.9994820601852
174.69554108796297
174.47763020833332
174.22611689814815
174.04952546296298
173.75498842592592
173.43757233796296
173.40053819444444
172.9483449074074
173.03036747685186
173.20152199074073
174.32814814814816
176.33287037037036
176.92107638888888
176.73624710648147
176.26329282407409
176.13564525462962
175.96912905092591
176.23235243055555
176.37885127314814
175.4478472222222
175.20720775462962
175.0388773148148
175.02265335648147
174.84952835648147
174.76506944444444
174.39292534722222
174.1414814814815
174.23417534722222
173.68837962962962
173.76295717592592
173.56114872685183
172.62400462962964
172.19122974537038
172.02654513888888
172.28399016203704
172.90296006944445
173.26603877314815
174.44683159722223
176.064453125
176.2995775462963
176.2407494212963
176.0688888888889
175.94739583333333
175.6837037037037
175.49183738425927
175.47014467592592
175.21702256944445
175.850390625
175.83175925925926
175.5478443287037
175.28651909722225
175.63935474537038
175.27578993055556
175.39495949074075
175.29978009259258
173.45717881944444
173.2366898148148
172.32928530092593
171.82679108796296
171.90659722222222
171.60397858796296
171.82225694444443
172.09828703703704
172.71090856481482
174.39174479166667
175.5870457175926
175.458671875
175.835625
175.88404224537038
174.407578125
174.201328125
174.1972482638889
174.0199537037037
173.82263599537038
173.65660300925927
173.31851851851852
173.05932291666667
172.91944733796296
173.00830729166665
172.7156886574074
172.39540219907408
172.5689207175926
172.0971440972222
171.7990480324074
171.44704861111111
171.8059346064815
172.0312355324074
171.50970775462963
171.75818287037038
173.00575231481483
174.42763599537037
175.0106857638889
174.7140943287037
175.28194155092592
175.11695601851852
174.61868344907407
174.5556568287037
174.7436226851852
174.38663483796296
174.5895167824074
174.28720775462963
175.0103443287037
175.13877314814815
173.25385416666666
172.9980121527778
173.1943923611111
173.256328125
172.4181568287037
171.91608217592594
171.1958940972222
171.05407986111112
171.0492042824074
171.32844618055557
171.60344039351853
171.59869502314814
172.474453125
174.21366030092594
174.30236689814814
174.19028645833333
174.53182002314816
174.48000868055556
174.30771412037038
174.07957175925927
173.90758969907407
173.87314525462963
173.27257233796297
172.84706597222225
173.38427083333335
173.20271412037036
173.1502517361111
172.99295717592594
172.21722511574075
171.96791666666667
171.71750868055557
171.4941059027778
171.2677633101852
171.09344328703705
171.17268229166666
170.95217881944444
171.01316550925927
171.02105613425925
171.30499131944444
172.75833333333333
173.72303530092591
173.69366608796295
173.68961226851852
173.619609375
173.9911082175926
173.74102719907407
174.0292650462963
174.15888310185184
172.78804398148148
172.51698206018517
172.1840625
172.18955729166666
172.0756076388889
172.05265335648147
172.23378472222225
172.04253761574074
171.9666724537037
171.68511863425925
171.45971354166667
171.06132233796296
170.91167824074074
170.74855034722222
171.0025318287037
171.28420428240742
171.61466145833333
172.82628761574074
174.2684230324074
174.7823292824074
174.60306134259258
174.54998553240742
174.26047743055557
174.022578125
173.68703414351853
173.44353877314813
173.47558449074074
173.11224537037037
173.26588252314815
173.0026707175926
173.1721556712963
173.08858796296298
173.2388136574074
172.86960358796296
173.18756944444445
173.07254918981482
172.10802372685183
171.86211226851853
171.16877893518517
170.4792592592593
170.3105324074074
170.333828125
170.36291087962962
170.71433738425927
171.43366030092594
173.27084780092594
174.93076099537038
174.96130787037038
174.47972800925925
174.3877662037037
174.41391782407408
174.22282407407408
174.22647858796296
173.6982060185185
173.19467881944445
173.14075231481482
173.48176215277778
173.34384548611112
172.76189814814813
172.50612557870372
172.24047164351853
172.18399305555556
172.01502025462963
171.86341145833333
171.2961082175926
171.13576099537036
170.68463252314814
170.36658564814817
170.44394386574075
170.17211226851853
170.54638310185186
171.0083304398148
172.70358506944444
174.12363136574075
174.92542824074073
174.88390625
173.8377199074074
173.78170717592593
173.75591145833334
173.6871875
173.79834780092594
173.51429976851853
173.6609230324074
173.68336805555555
173.58758391203705
173.40476273148147
172.55989872685186
172.2723408564815
172.0062210648148
171.9106394675926
171.9913136574074
171.90982349537038
172.20533854166666
171.8019068287037
170.4969357638889
170.8668431712963
171.35571180555556
171.15736400462964
172.55852141203704
174.5542795138889
175.88364293981482
175.89817997685185
176.10719907407406
176.07014756944446
175.1712037037037
175.1579224537037
175.22925636574075
175.05091724537036
174.3116059027778
174.02377025462962
173.8839236111111
173.99195891203703
173.9165162037037
173.51852141203705
173.61561631944446
173.32282407407408
172.78605613425927
172.47361979166666
172.31090277777778
172.1266232638889
171.40749421296297
170.8104832175926
170.81796006944444
171.10523726851852
171.64846354166667
172.00710358796297
173.60158854166667
175.44291087962964
176.9477488425926
176.79585069444445
176.3934519675926
176.4467679398148
175.12687210648147
175.04427662037037
174.54087962962964
174.46816550925925
174.24991319444445
174.18567708333333
173.77984953703702
173.42747395833334
173.06029224537036
172.77528356481483
172.7312123842593
172.3562962962963
172.63817708333335
172.70710648148147
171.82784722222223
170.78311631944445
170.5275636574074
170.3863252314815
170.94663194444445
170.98770543981482
171.3517361111111
173.16967013888888
174.29849537037038
174.66530381944443
174.2403877314815
174.11875868055554
173.99033564814815
173.76250289351853
173.41641782407407
173.0120052083333
173.2814409722222
173.05355034722223
173.2415335648148
172.9365017361111
173.114375
173.0229398148148
171.9035300925926
171.7257957175926
171.14074363425925
170.87837094907408
170.2050434027778
169.57156828703702
169.43000578703703
169.31312789351853
169.7577025462963
169.52759259259258
170.08229456018518
172.01991319444446
173.79852719907407
174.1880931712963
173.96065972222223
173.54886574074075
173.02231481481482
172.81435474537037
172.94782407407408
172.7988454861111
172.6012528935185
172.31592592592594
171.56293402777777
171.38285011574075
171.036171875
170.81371238425925
170.5627199074074
170.44554976851853
169.588984375
169.43677662037038
169.31072627314813
168.94771122685185
168.65958043981482
168.39463252314815
168.67148726851852
168.73073784722223
168.9334837962963
169.21589699074073
170.3074855324074
172.2591869212963
173.14293402777778
172.80030671296296
172.90868055555555
172.87156828703704
172.9683564814815
172.68228877314814
172.28731770833335
172.4222366898148
171.85897858796295
171.51321180555556
171.19704861111111
171.0482349537037
171.23835069444445
170.93581307870372
170.2102835648148
170.03881365740742
170.3866869212963
170.4422482638889
170.3400289351852
169.8105121527778
169.52447627314814
169.34577256944445
169.0463628472222
169.22664641203704
169.77674768518517
171.58032986111112
173.38316550925927
173.8144184027778
173.8982523148148
173.53823784722223
173.41119212962963
173.16671296296298
173.62666377314815
173.7788136574074
174.3030960648148
174.42533275462964
174.93280381944444
174.82313368055554
175.82227719907408
176.1341869212963
174.26647858796295
173.9117650462963
173.17539351851852
173.15217592592592
172.46116319444445
170.32550636574075
170.03824652777777
170.14070023148147
169.7023871527778
169.65399305555556
170.31631365740742
171.95566261574075
173.5891753472222
174.10657407407408
173.34207175925926
173.0598755787037
173.21638599537036
172.8449826388889
172.92275462962962
172.44780671296297
173.38927951388888
173.4568576388889
172.80844907407408
172.79521122685185
172.43666377314815
172.14781828703704
172.0149074074074
171.50265046296298
171.36694733796296
171.56454282407407
170.99387442129628
170.31730902777778
170.40619212962963
170.10573784722223
169.59923900462962
169.93758969907407
170.53570023148148
172.7234230324074
174.4336429398148
174.7234056712963
174.7171209490741
174.34694444444443
174.03927372685186
173.92048900462962
173.31797743055554
173.12491898148147
173.39682291666668
173.26958622685186
173.232578125
172.88205150462963
172.37497395833333
172.45138310185186
171.43371527777776
171.09197337962962
171.39481481481482
171.2832378472222
171.06640046296295
170.73596064814814
170.1203501157407
170.15863136574075
170.8971846064815
170.99672453703704
171.63947048611112
172.2000925925926
175.77586805555555
177.28763599537038
175.95474537037038
175.57910590277777
175.5173726851852
175.85058159722223
174.01400752314814
173.84717881944445
173.89661747685184
173.7896412037037
173.39407696759258
173.10999421296296
172.87815104166663
172.53788483796296
171.9646585648148
171.74053530092593
171.86791377314816
171.85684606481482
171.72185763888888
171.61865451388888
170.5999189814815
170.32184606481482
170.80481770833333
170.36710358796296
170.27515625
170.29914930555557
171.65655092592593
173.85425636574075
175.07317708333332
174.95719328703703
174.58238136574073
174.510546875
174.07057002314815
173.7851909722222
173.07724247685186
172.90737268518518
172.77226273148148
172.69401041666666
172.29962962962964
171.9754861111111
172.11470775462962
171.98557002314814
171.65934317129629
171.0919502314815
170.90166956018518
170.6088570601852
170.80488425925927
170.20679108796296
169.79108506944445
169.8936371527778
170.07640914351853
169.76036747685183
170.89254050925925
173.25062210648147
174.94557581018518
174.9825954861111
175.48203125
175.50527488425925
174.21832175925925
174.07537037037036
173.5007436342593
173.19008101851853
173.02377604166668
172.62533275462962
172.83432002314814
172.60822048611112
172.0436545138889
171.7183738425926
171.63503761574074
171.4827951388889
170.65421006944445
170.74444444444444
171.44506076388888
171.33614583333335
171.75780092592592
171.3053559027778
171.0236284722222
171.0990769675926
171.37671875
172.0572019675926
171.64447048611112
174.0982175925926
175.33938946759258
175.5000144675926
174.64263599537037
174.42969907407408
174.2443113425926
173.99267650462963
173.65538483796297
172.86122106481483
172.55334780092593
172.15029513888888
172.11510127314816
172.03333043981482
171.9881278935185
171.52838541666668
171.74457465277777
171.71991319444444
171.730234375
172.0314236111111
172.57109664351853
172.7988107638889
172.57290219907406
172.3762210648148
172.87295428240742
172.93282986111112
173.05618055555556
173.7789525462963
176.28194155092592
178.42762152777777
178.60277488425925
178.66385416666665
179.95078993055554
180.32287905092596
179.48730613425926
179.59903645833333
179.78902488425925
179.6352777777778
180.35956886574075
180.2610329861111
178.1958940972222
177.16487847222223
176.87416956018518
176.42169270833332
175.74892939814814
175.15918402777777
174.16921006944443
173.45809895833332
172.62458333333333
171.16072337962962
170.38789641203704
169.75381655092593
168.21794560185185
167.98668402777778
170.016171875
172.21888310185184
172.80413483796298
172.7208275462963
173.03585358796298
173.00061631944445
173.63409143518518
173.7015133101852
173.62039641203702
173.78801215277778
173.94472222222225
173.9173755787037
173.69533854166667
172.6747511574074
170.6125491898148
170.38329282407406
170.78719618055555
170.26063368055554
170.09149305555556
170.2644097222222
168.71249131944444
168.39505787037038
167.54754918981482
167.66720486111112
167.97931712962964
168.51397858796295
170.21110243055554
172.15210648148147
176.1626707175926
178.15813078703704
177.87564236111112
174.42249710648147
172.61968171296297
171.72968460648147
171.45711226851853
172.6234085648148
175.4012991898148
178.08262731481483
180.75973958333333
183.23144097222223
186.7238715277778
188.08436921296297
189.02469907407408
189.2479311342593
188.82121238425927
188.50458622685184
188.1470601851852
187.8866145833333
188.0159201388889
188.7320775462963
188.4266927083333
188.67296006944449
190.6986689814815
193.282265625
203.7561950231481
216.0756712962963
223.83999131944444
235.0500868055556
234.64014756944445
