195.8650491898148
170.49691550925925
170.1691695601852
170.60669270833333
169.9012355324074
169.70188657407408
169.36905960648147
168.78600983796295
168.98049768518518
169.3124537037037
170.74790219907408
174.25774594907406
175.6359519675926
176.6461863425926
176.22733796296296
175.1656568287037
174.92615162037038
174.71084201388888
174.44522569444445
172.6144849537037
172.0705034722222
171.50096354166666
171.26983217592593
171.37554398148148
170.8327488425926
170.6677980324074
170.0018113425926
169.8407494212963
169.48427083333334
169.74260127314815
170.1267650462963
171.02027777777778
173.2198263888889
176.34326388888888
176.97561921296295
176.81289930555556
176.62439525462963
176.2667361111111
176.16343171296296
175.40914930555556
175.04481770833334
174.37049768518517
174.10877604166666
172.2720775462963
171.8139207175926
171.82434895833333
171.03478877314814
170.0127980324074
169.47751157407407
169.04900462962962
168.82129050925926
169.27783564814814
170.26122685185186
171.8964988425926
175.21518229166668
177.4561545138889
177.03161458333332
176.3542824074074
176.2598755787037
175.71544560185183
175.18850115740742
175.01874710648147
174.32136574074073
173.88888599537037
173.19218460648148
171.35144386574075
171.07433738425925
171.11888020833334
169.95352719907407
169.1496383101852
168.53178819444443
168.78785590277778
168.8385300925926
169.22568287037038
171.39813368055556
174.35363136574074
175.5293605324074
175.63415798611112
174.86962962962963
173.85201678240742
173.42053819444445
173.76683738425925
173.3856568287037
173.27923611111112
172.70276909722222
172.2667361111111
171.79328703703703
171.05042824074073
170.61434895833332
169.8765306712963
169.10907407407407
168.54500868055555
168.49358506944444
167.92769675925925
168.62725983796295
169.45634837962962
172.49587094907406
174.67841145833333
174.61350694444445
174.8293576388889
174.6983449074074
173.7583767361111
173.04926793981485
172.49616608796296
171.89587094907407
171.31305266203702
170.76250289351853
170.06369502314814
169.56730902777778
169.26938078703705
168.28533564814813
167.58813946759258
166.71377025462962
166.04948784722222
166.1635619212963
167.27523148148148
168.00315972222222
170.68343460648148
173.78396122685186
175.10633680555554
174.6715306712963
174.8231076388889
174.88189525462963
174.06254050925926
173.56042824074075
172.8215162037037
172.07366319444444
171.2402517361111
170.8300636574074
170.10135416666665
170.02967881944446
169.6527372685185
168.4820630787037
167.9554369212963
168.00346643518515
168.53016493055554
168.66167534722223
169.4925925925926
171.20676504629628
174.65936342592593
176.33658854166666
175.68260127314815
175.5170804398148
175.21007523148148
174.87688368055555
175.1577806712963
174.4439988425926
173.21877893518518
172.66503761574074
172.5944675925926
172.49815393518517
172.00399305555555
171.60533854166667
170.62557002314816
169.67365162037038
168.99055266203703
168.48907407407407
168.98149016203703
169.93250578703703
171.2921267361111
174.55456597222224
177.80390046296296
178.03491319444444
177.56224826388888
177.0772685185185
177.47814814814814
177.11913483796295
175.54991030092592
175.10922453703705
173.2910792824074
172.76057291666666
171.67013888888889
171.58105034722223
171.3907349537037
170.25609664351853
168.91650752314814
168.6379513888889
169.39075520833333
169.41725405092592
170.3320341435185
172.32752025462963
174.7262528935185
176.52021122685184
175.57549479166667
175.462578125
174.84172743055555
174.26022280092593
173.53075520833335
173.1706712962963
172.84776909722223
172.63504050925926
171.98997395833334
171.19018229166667
171.48771412037038
171.09466724537037
170.41734085648147
169.50943287037038
168.2938946759259
167.94134548611112
168.5374826388889
169.18015335648147
171.4072048611111
174.9899045138889
176.25336226851852
176.15003472222222
176.21923900462963
176.22497974537038
175.9774710648148
175.72285011574073
174.820078125
174.13127893518518
173.83007233796295
173.47021701388888
171.77012152777775
171.63075810185185
171.24832175925926
170.65363425925926
169.9085445601852
169.28710069444443
169.8795457175926
169.590859375
169.8330295138889
171.13059027777777
173.41797743055557
175.77103587962964
176.62798900462963
176.45330729166668
176.17641203703704
175.80264756944445
175.26659143518518
174.8755787037037
174.601328125
173.9445601851852
173.90761574074074
173.46007523148148
172.4078096064815
171.9131076388889
171.83002604166666
170.9284837962963
169.74441550925926
169.1558767361111
169.4628559027778
169.96441840277777
169.8385966435185
172.71069155092593
175.70015046296297
176.5126099537037
176.2677980324074
175.74025752314816
175.40288773148148
175.04885416666667
174.75080729166666
174.41802372685186
174.20258101851852
173.60654224537038
174.015
173.67707175925926
173.044140625
172.73563078703702
170.8451388888889
169.86374421296296
169.9759230324074
169.8480005787037
170.61214120370371
171.47062789351853
174.14625868055555
177.57621238425926
178.4079224537037
177.85732060185185
177.57025173611112
177.0729542824074
176.15640046296295
175.9442361111111
175.8753125
175.10180266203704
174.99765914351852
174.60684606481482
173.86349826388889
173.49738425925926
172.74588252314814
171.98298032407408
170.66714988425926
170.02088252314817
170.15394675925927
170.26418113425925
171.3073408564815
173.3589525462963
176.14353877314815
177.62387152777777
177.8338425925926
177.3506886574074
176.5690914351852
176.22012731481482
175.66410300925926
174.78006655092594
174.89969328703702
174.62021412037038
172.93531828703703
172.27725983796296
172.2308130787037
172.17901041666667
172.12410300925927
170.96003472222222
170.16910011574075
170.13004050925926
170.70571180555555
171.2698292824074
172.07474537037038
175.06550925925927
178.1415451388889
178.69657118055557
177.19768518518518
176.75773148148147
176.37945891203702
175.95831018518518
175.92412037037036
175.82083333333333
175.21496238425925
174.4954253472222
174.3226244212963
173.27939814814815
173.09559606481483
172.80232349537036
172.23113136574074
171.278125
171.0951880787037
171.0937355324074
171.24177662037036
171.7938425925926
172.10594907407406
174.5442679398148
177.18599537037036
178.03910590277778
177.48203125
177.16934895833333
177.20407407407407
176.5344386574074
176.83179976851852
176.37162037037038
176.10810185185184
175.75221354166666
174.8652980324074
174.42727719907407
173.6484548611111
173.18025462962962
173.03547453703703
172.15732349537038
171.76676504629629
171.54008101851852
171.7839525462963
171.990078125
173.2777054398148
175.8934693287037
179.0582667824074
179.97864293981482
180.3220341435185
180.06190393518517
179.57553530092594
179.1627951388889
178.71296296296296
178.0693894675926
177.14905381944445
176.61497106481482
176.1537991898148
175.19630208333334
175.0287847222222
174.92982349537036
173.5765162037037
172.70388020833337
172.23163773148147
171.98321180555556
172.36906539351853
172.9313541666667
173.92162615740742
177.1012210648148
178.99401331018518
178.88842303240742
178.16428819444445
177.5852690972222
177.0067042824074
176.34208622685185
176.68120949074074
176.14863425925927
175.84780381944444
175.5232957175926
175.09227719907406
174.76267071759258
174.5591232638889
174.0182957175926
173.5029369212963
172.53186053240742
172.23400752314814
172.36071180555555
171.89675347222223
172.44604166666667
175.1481568287037
178.48528645833332
179.79133391203703
179.56875868055556
178.72415219907407
178.6221383101852
177.75276041666666
177.60982638888888
177.26454282407408
176.8492332175926
175.39886284722223
174.77495370370372
174.56146412037037
174.02984953703702
173.87157407407406
173.52639467592593
173.01187789351852
172.43328993055556
170.69288483796296
170.4630005787037
170.7340335648148
171.0914033564815
173.07811921296295
176.16520833333334
179.62577835648148
180.05952835648148
178.97596643518517
178.6738425925926
178.40797164351852
177.94194155092592
177.4131539351852
177.06978877314816
176.09089409722222
175.56155381944444
175.44618344907408
175.18680555555557
174.9938165509259
174.69578993055555
174.2940277777778
173.54748553240742
172.6173263888889
172.6205642361111
172.538828125
173.23506655092592
175.21366898148148
177.99753761574075
180.0836603009259
180.4173755787037
180.0253761574074
179.66403645833333
179.6367650462963
178.96548611111112
179.15522569444445
179.0053616898148
177.74061631944446
177.15224826388888
176.65839699074073
175.7261545138889
176.02296875
175.83539351851852
174.89138599537037
173.93381655092594
173.62879340277777
173.66826967592593
173.85859085648147
174.7940133101852
178.2055902777778
180.8843894675926
181.50999421296297
181.39070023148147
180.46578125
180.4373148148148
180.0656712962963
179.63852719907408
179.5378472222222
178.83353009259258
177.89261863425926
177.2800144675926
175.4625289351852
175.31202835648148
175.05038483796295
174.3361284722222
173.05755208333332
172.19934895833333
172.93048611111112
173.13806423611112
173.22824942129628
174.82378472222223
178.38825231481482
180.0752951388889
180.46595775462964
180.15671006944444
179.31377604166667
178.79744791666667
178.97096932870372
178.66275173611112
177.47366030092593
176.99843460648148
176.50309027777777
175.54100694444443
174.83444155092593
174.86252314814814
174.65125578703703
173.8048784722222
173.02907986111111
172.6565769675926
172.6044415509259
172.7254832175926
173.7833130787037
175.57829282407408
178.90254340277778
180.28473958333333
180.76474247685184
180.77974826388888
179.89234664351852
179.3995630787037
179.51064525462962
179.13254340277777
178.03033564814814
177.46095775462962
177.04621238425926
176.10908564814815
175.36098958333332
174.98438657407408
174.41507233796295
173.130625
173.33454282407408
172.74815972222223
171.94002893518518
172.31758391203704
174.25304108796297
175.97308159722223
178.9762326388889
181.24880208333332
180.54307002314812
180.25863136574077
180.38266203703705
179.97677083333335
178.9202459490741
178.15064525462964
177.97501157407407
177.45291377314814
176.8472482638889
176.50026909722223
175.65704282407407
175.3869386574074
175.49978877314814
174.69016203703703
173.76381655092592
173.11515625
173.35197337962964
173.52894097222222
174.44694733796297
176.23640625
178.03772280092593
180.03123842592592
181.08292824074076
180.6029224537037
180.9105497685185
180.6347945601852
178.72741608796295
178.56755497685185
178.13352719907408
177.69753472222223
176.83393229166666
176.43917824074074
176.09190104166666
175.68987847222223
175.07998553240742
174.1376446759259
173.1305787037037
172.6536082175926
172.546484375
172.49992766203704
173.458203125
175.67710648148147
178.52594907407408
179.2592332175926
179.4435011574074
179.33259837962962
179.35303819444445
178.79794270833332
178.00894965277777
177.74275752314816
177.04042534722225
176.47466724537037
176.7191724537037
176.36447916666663
175.2436284722222
174.9756221064815
175.11567129629628
174.40096354166667
173.0924826388889
172.4046412037037
173.04369212962962
173.45942997685185
174.1963252314815
177.00467881944445
177.9391550925926
177.9769212962963
178.41283275462962
178.01629918981482
177.90884548611112
177.51182581018517
176.8241550925926
176.27253472222222
175.79829282407408
175.36117766203705
174.60018229166667
174.1786284722222
173.70789351851852
173.34343171296297
173.6852488425926
173.00117476851852
172.64255208333333
172.04147858796296
171.6760908564815
172.23390625
172.64870370370372
174.93283275462963
178.00521701388888
178.7356105324074
178.86473090277778
178.59883101851852
177.9814380787037
178.09079282407407
177.3250607638889
176.76465277777777
176.21606770833333
175.47536747685186
175.2990162037037
174.83236689814814
174.30367766203705
173.9465451388889
173.3829658564815
172.4824363425926
172.37363136574075
171.93843171296297
171.34032986111112
171.70026041666668
173.49422164351853
175.78274884259258
179.398359375
180.13389756944446
180.49905381944444
180.3739265046296
179.07802951388888
178.7938888888889
178.38169849537036
178.08286747685185
177.36081886574075
176.99220775462962
176.19969039351852
175.01933738425927
174.69984085648147
174.40916377314815
173.83017650462963
172.75787037037037
172.0820804398148
171.73552372685185
171.99424189814815
172.49386863425926
173.85984664351852
176.7922974537037
178.36244502314815
178.77247395833334
178.50462962962962
178.25547743055554
178.69984664351853
178.49687789351853
178.24083043981483
177.8123582175926
178.6503559027778
178.27587673611112
176.61141782407407
176.26370949074075
175.8656568287037
175.86274016203703
174.8066059027778
173.80671585648147
173.19216724537037
173.03161747685186
173.3955787037037
173.56667824074074
175.94854456018518
179.02275462962962
179.65028356481483
179.60521990740742
179.83228877314815
179.76749131944445
178.81941261574073
178.47190104166663
178.42756944444446
178.154375
177.20866319444443
176.8473582175926
175.86830150462964
175.3353761574074
174.91878182870371
174.75471354166666
173.87749131944443
172.93243634259258
172.72194733796297
172.5928616898148
173.28093460648148
174.20640914351853
176.6347309027778
179.4981857638889
179.9143489583333
179.81530671296295
178.68585358796295
178.6426273148148
178.6052806712963
178.08794270833334
178.11455729166667
177.72757233796295
177.5001880787037
177.2274508101852
176.94937789351852
176.68386863425926
176.60360532407407
176.10986111111112
175.31814236111111
174.63013310185184
174.18182002314813
173.78850694444444
173.92066840277778
174.6296556712963
176.7890972222222
179.72165219907407
181.34774884259255
181.45693576388888
180.69172453703703
180.7488917824074
179.29643518518515
178.78587962962962
178.95802372685185
178.76451967592592
178.53033564814814
177.9035763888889
177.48669560185186
176.555546875
176.5104832175926
176.0378414351852
175.64126157407406
174.71380787037037
174.43853877314814
174.44272280092594
173.80918981481483
174.75505497685185
176.70714988425925
180.03396412037037
180.62516493055557
180.3287615740741
180.3331568287037
179.89703993055556
179.66685474537036
179.3130787037037
179.16690104166668
178.51886574074075
177.86796006944445
177.48622685185185
177.48910300925925
177.36104456018518
177.64145833333333
176.92308159722222
176.51309895833333
175.92328125
174.57198784722223
174.24537905092592
174.48767361111112
175.48904224537037
177.59005208333335
180.08563657407407
180.9305671296296
180.51517071759255
180.37876157407408
179.82409143518518
179.44238425925926
179.1965480324074
179.29830150462962
178.62369502314814
177.6178269675926
177.0768258101852
176.63061053240742
175.8254340277778
176.11089988425925
175.62344328703705
175.21925925925925
174.4863107638889
174.3034664351852
173.63616608796298
173.66658275462962
175.14841435185184
177.60590277777777
179.81065972222223
180.2734548611111
180.1613078703704
180.30092592592592
180.03922164351852
179.6024565972222
179.2257204861111
179.04611689814814
178.47499421296297
177.864140625
177.0390596064815
177.08550347222223
176.21600405092593
175.8602199074074
174.90872395833333
174.99960358796295
174.36622685185185
173.0886342592593
172.84829282407406
173.98555844907406
174.67873553240742
176.997421875
180.17174479166667
182.60400173611112
182.71411458333333
179.77724826388888
179.63544270833333
178.73090856481485
178.2749074074074
177.77314814814815
177.473125
177.19218171296296
176.74525462962964
175.99828993055556
175.31524305555556
175.01258969907408
174.24032986111112
174.1533738425926
173.18069444444444
173.00889756944446
172.76563078703705
172.66325231481483
173.2596556712963
174.2987789351852
177.3274247685185
180.4191521990741
181.11286458333333
180.6289236111111
180.54673900462964
179.67403935185186
179.20510706018518
178.968828125
178.55245659722223
178.38872685185186
177.46898726851853
177.02019386574074
176.14748553240742
175.45823784722222
175.37120081018517
174.85155671296295
174.2001070601852
173.7048726851852
173.7937355324074
174.9259548611111
174.94294849537036
176.29071469907407
178.22238425925926
180.97848958333333
182.5294386574074
181.96401041666667
181.5169212962963
181.4957060185185
180.90886574074077
180.18728298611111
179.9461892361111
179.1322482638889
178.6139814814815
177.97551215277778
176.6480439814815
175.67228587962964
175.40217881944446
175.01512152777778
174.19310474537036
174.84514756944444
174.15428819444443
174.46764756944444
174.7736284722222
175.5657349537037
177.48174768518518
180.9059114583333
181.90251157407408
181.07804398148147
180.53038194444449
180.48375868055555
179.94755787037036
179.19683159722223
178.4614872685185
177.4481741898148
176.6083449074074
175.70885127314816
174.9155179398148
174.45356770833334
174.16534143518518
173.84387152777776
173.12864872685185
173.1412789351852
173.1572800925926
174.00108217592592
174.3673755787037
175.61128761574074
178.05762731481482
181.5591724537037
181.8625810185185
182.5811255787037
182.32069733796297
180.5622453703704
180.58036747685185
179.3541840277778
178.30414641203703
177.14787037037038
176.40484085648148
176.14417534722222
175.17582465277778
174.55460358796296
174.00309606481483
173.9649826388889
173.58484664351852
172.8835503472222
172.8548755787037
173.04057870370372
173.71639756944444
174.12061342592594
176.26870949074075
178.83344039351852
180.00472800925925
180.3291869212963
179.95516203703704
179.74316840277777
179.59846643518517
179.41987847222222
178.96271122685187
179.07521122685185
178.13199363425926
177.89885127314815
176.8140798611111
176.15489293981483
175.9148003472222
174.68566261574074
174.01415219907406
172.84656539351852
172.61705150462964
172.95506944444443
173.44289641203704
175.5559722222222
177.99916087962964
181.59998842592591
183.57761863425927
182.33650752314816
181.88451388888888
181.57056423611112
181.0698524305556
181.01452256944444
180.24972511574077
178.68969328703704
177.58252604166665
177.18381944444445
176.46406828703704
177.42225405092591
177.33011863425926
176.23586516203704
175.675390625
174.88895543981482
174.67390625
175.0063599537037
175.71435185185186
176.41785590277777
178.99222511574075
182.2603645833333
182.9724450231481
182.15832175925925
181.5129832175926
181.726328125
181.1473234953704
180.61990451388888
180.05506944444446
179.5246469907407
178.29375
177.9332175925926
176.98930555555555
176.7528125
176.69752604166666
175.30238715277778
174.65359375
174.71916087962964
174.94271412037037
175.14046585648148
176.02546006944445
177.38101851851852
180.44854166666667
181.64515914351853
181.1551359953704
180.68836805555557
180.5190422453704
179.963828125
179.5830931712963
178.4814959490741
177.5488744212963
177.21891493055554
176.84803819444446
175.06150462962964
174.64191550925926
174.06578993055555
173.74818287037036
173.18725983796296
172.47055555555556
171.8380295138889
172.13368344907408
172.75630787037036
173.72162037037037
176.08006655092592
179.27736400462962
179.8487818287037
179.55688078703704
179.82477141203702
179.7208912037037
180.70752025462963
179.92870659722223
179.5393721064815
178.44610532407407
178.90224247685185
178.8504513888889
177.86097800925927
177.7411603009259
176.23986400462962
175.8350115740741
175.29416377314814
174.82500289351853
176.05894675925927
175.84161458333332
176.02504050925927
176.75422453703703
178.23765335648147
181.8604716435185
181.71510127314812
181.27580439814813
180.5016811342593
180.06879629629628
179.92572916666666
179.38809606481482
179.14969907407408
178.57275752314814
177.909140625
177.87258969907407
177.51466724537036
177.0573929398148
176.1351244212963
175.37028645833334
174.3112181712963
173.86177951388888
174.6857002314815
175.13171006944444
174.90836516203703
176.16896412037036
180.41986689814811
182.88592881944444
183.605625
182.87963252314816
183.3219212962963
182.73161747685185
181.4439583333333
180.8970457175926
179.6705787037037
178.91083043981482
177.91041956018518
177.4733998842593
177.0844965277778
177.00691261574073
176.18230324074074
175.50297164351852
174.25628761574075
173.42504050925925
173.200546875
173.93850694444444
176.34999131944446
179.093984375
182.85566840277775
183.9654195601852
181.65942708333333
181.13624131944445
180.89600694444445
180.49063657407407
180.10111689814815
179.7906915509259
179.3492650462963
178.44160300925927
177.78999710648148
177.37419560185185
177.66661458333334
177.53380497685183
175.96470775462964
175.01831886574075
175.14919849537037
175.11765335648147
176.30920428240742
176.54089409722224
178.31384259259258
181.69382523148147
183.62071469907409
184.0120341435185
184.7410474537037
184.44805266203704
183.7509259259259
182.8751070601852
181.8318836805556
180.9932320601852
181.3249016203704
180.94236689814812
177.19220775462964
176.95108217592593
176.69878761574074
176.46089988425925
175.9257465277778
174.96032118055555
174.7787037037037
175.12956886574074
175.76526041666668
175.71850405092593
176.64597800925927
179.0296412037037
183.089609375
184.46018229166663
183.4156828703704
182.7741232638889
182.25064236111112
181.8744733796296
181.55628472222224
181.53869791666668
179.59422453703704
178.81119212962963
178.7506394675926
178.4854513888889
178.26611400462963
178.2039814814815
177.77006944444443
176.98166666666663
175.9511400462963
175.94927662037037
175.97333333333333
175.8341377314815
176.40736979166667
178.81684895833334
182.7854803240741
185.0095543981481
185.0994241898148
184.52541666666667
184.17599247685183
184.13541666666663
183.35249421296297
182.19717303240745
180.18447916666668
179.29522858796295
177.56006944444445
176.83476851851853
175.93638310185185
175.99178819444444
176.65578414351853
175.99223090277778
175.12486979166667
174.28402199074074
173.87133101851853
174.3366261574074
175.42873842592593
177.18451099537037
180.8418605324074
182.3749855324074
181.99048032407407
181.93244791666663
181.3701533564815
181.5922048611111
181.82558159722225
181.2616724537037
180.73037905092596
180.3712037037037
178.98902199074075
178.79950520833333
178.11630208333332
178.11366898148148
177.84660011574073
177.35549479166667
176.71702256944445
175.92868055555556
175.76559606481482
176.00043402777777
176.9517042824074
178.73932002314814
181.16969618055555
183.13822048611112
182.88732928240745
182.4749681712963
183.25525462962963
183.04605902777777
184.09453125
183.97095196759255
181.5001070601852
181.45770833333333
180.28952546296296
179.72594907407407
179.5057957175926
178.5729513888889
179.6425289351852
180.2590827546296
179.47337962962962
178.2550318287037
177.18461805555555
176.72365162037036
176.74024305555557
177.5202372685185
179.3016550925926
182.21121238425928
184.3154976851852
184.74700810185183
186.00105034722225
186.0284780092593
183.68358796296295
183.1143605324074
183.2209953703704
182.50960358796297
182.22472511574077
181.97663194444445
181.38730902777775
180.89131655092592
179.2700925925926
178.7038570601852
178.67988715277778
178.29508969907408
176.66394097222224
175.6095601851852
175.00808159722223
175.0259403935185
174.91663194444445
176.72869502314813
180.3202459490741
182.29066261574076
182.4202141203704
181.76135416666668
182.58633969907407
182.48169270833333
181.90707175925925
181.45657696759255
181.07566840277775
180.4141203703704
180.20903645833332
180.14782407407407
180.5143952546296
180.5293055555556
180.0692332175926
179.1029861111111
178.09430844907408
177.61684027777778
177.56016493055554
177.88840567129628
179.0009085648148
180.86250578703704
184.39447337962963
186.6523755787037
186.28989872685185
185.12742766203704
183.45088252314812
182.74665219907408
182.37541666666667
181.96909722222225
180.18013888888888
178.53260706018517
178.23522280092592
178.11046585648148
177.41558449074074
176.4987905092593
176.25900462962963
175.72666377314815
175.11516203703704
175.00066261574074
175.4300318287037
176.0272974537037
177.51841145833333
179.61652777777778
182.90310185185183
183.5219068287037
182.7233420138889
182.2306105324074
181.26722800925927
180.47070891203705
179.6985503472222
179.05187210648148
178.6937355324074
177.88310185185185
177.29916087962962
176.6827372685185
176.91229166666668
176.62487268518518
175.03997395833332
174.18512152777777
173.74384837962964
173.71297743055555
175.05130497685184
175.1754542824074
175.44350694444444
177.56953993055555
181.49593171296297
183.06015046296292
182.5408767361111
182.1218171296296
182.1688802083333
181.72655671296295
181.6424074074074
181.01964409722223
180.3238078703704
179.58127314814814
177.85810474537038
177.14277488425927
177.24544560185186
177.1045775462963
177.71593171296297
176.88998842592594
175.39366608796297
174.68254340277778
174.9613454861111
175.5298582175926
175.9477806712963
177.2313946759259
180.77157118055555
183.04078125
183.38563657407408
182.778671875
182.2040509259259
182.22289641203704
180.89313078703705
180.3154484953704
179.90451967592594
178.7418142361111
177.64669270833335
177.24241030092594
176.69072627314816
176.1836400462963
175.35660300925926
174.8601070601852
174.69147858796296
175.02157118055555
175.21666666666667
175.05529513888888
176.5296064814815
178.34063657407407
180.28290509259256
182.12174479166663
182.36706886574075
181.71984085648148
181.34186342592596
180.90098668981483
180.0997511574074
179.76250578703704
179.6984751157407
179.25455150462963
178.23805555555555
177.95028645833332
177.96277199074075
177.91945891203704
176.25205729166666
176.0732349537037
174.89719618055557
174.70780671296296
175.12009837962964
175.095
176.18593171296297
178.07919270833332
181.63311921296292
182.8551388888889
180.9721672453704
180.66285590277775
180.7056828703704
179.9019675925926
179.3458449074074
178.7926099537037
178.91269965277775
178.35326388888888
177.64962962962963
177.1983130787037
177.22313368055555
176.86258969907408
176.08241030092591
175.05694444444444
174.97579282407406
174.95482349537036
174.55826099537038
174.05719328703702
174.3109519675926
175.6625318287037
178.51587384259258
180.89264467592596
181.28652199074077
181.1440046296296
180.00591724537037
179.44688657407409
179.62122106481482
179.31857060185186
179.8385474537037
178.99724826388888
177.52202256944443
176.9884201388889
176.3657349537037
175.67211805555556
174.82643229166666
174.5671267361111
175.24775462962964
174.70984375
173.1292824074074
173.03064525462963
173.29467013888888
174.22558738425926
175.75813368055557
178.77150752314816
181.4207494212963
181.77550347222223
181.6377517361111
181.3323234953704
181.29920717592591
180.82008391203703
179.76574074074074
178.6144068287037
178.68968171296297
177.78944733796297
177.40164641203702
177.17183159722222
176.23785300925925
176.15579861111112
175.18231481481482
174.74866319444445
173.94866319444444
173.5034085648148
174.52280671296296
175.29040509259258
177.53648148148147
179.7968258101852
183.0615335648148
183.96044560185183
182.88410011574075
182.3859519675926
183.4176388888889
182.98728587962964
180.89589699074077
180.3902980324074
179.68136284722223
178.856875
178.24783564814814
178.26220775462963
177.09083912037036
176.84100115740742
176.6763136574074
175.8524681712963
175.72849537037038
175.44375868055556
176.31046296296296
176.47621527777778
177.7457320601852
179.63563078703703
180.4636342592593
181.24685185185183
181.27730324074076
181.29663773148147
181.44319733796297
181.3465162037037
181.1484577546296
180.7658912037037
180.2082146990741
179.57962384259258
179.87146412037038
179.19436631944444
178.48174479166667
178.36605034722223
176.08311342592592
175.30794560185186
174.54230324074075
174.40761574074074
174.33814525462964
174.4438773148148
175.2553298611111
177.1102980324074
179.1915625
180.4572019675926
180.41652199074076
179.8746759259259
179.70872685185185
179.53408275462962
179.2159375
178.92694444444444
178.42330439814816
177.5390162037037
177.02720775462964
176.66002893518518
175.56517939814816
175.22824942129628
175.19378472222223
174.64107349537036
174.16118055555555
174.09694155092592
173.8771440972222
174.15083333333334
175.65614583333334
176.74366898148148
178.6435329861111
181.4517390046296
181.5992824074074
181.4060474537037
181.33328703703705
180.97396701388888
181.0372627314815
180.9112586805556
180.9862962962963
180.20719907407408
179.09535300925927
178.15706307870371
178.00949363425926
177.81796006944444
176.05859375
175.31381944444445
174.1608767361111
173.4425144675926
173.84142939814814
174.0053616898148
174.45116608796295
174.90035011574074
176.15966145833335
178.82719039351852
181.38964988425928
181.84417534722223
181.68788194444448
181.2880179398148
180.6397800925926
180.14818576388888
180.08826099537038
179.6269849537037
178.5908767361111
178.1340653935185
178.4289496527778
177.63725694444443
177.33230902777777
177.50914641203704
176.18752893518518
175.76374131944445
175.1786603009259
175.31924479166668
175.52340856481482
176.3649363425926
177.09039641203702
178.9753125
181.61387152777775
182.44897569444444
181.3466203703704
181.0626388888889
180.35688657407408
179.61793402777778
179.67826967592592
179.14190393518518
178.97596643518517
178.2757320601852
176.82506655092592
176.49061921296297
175.69166377314815
175.54127314814815
175.1511400462963
174.52731481481482
174.45758391203702
174.09872395833332
174.71910590277778
175.00852719907408
176.21580729166666
178.67289351851852
182.16278935185184
182.96050636574077
181.8237037037037
181.45067708333332
180.67074363425925
180.3632175925926
180.3993605324074
180.04561921296298
179.4369704861111
178.85290509259258
178.34283564814814
177.62903645833333
177.23714120370371
177.10683159722225
176.68572916666668
175.83296875
174.55575520833332
174.4030758101852
174.68907407407409
174.9705931712963
175.39746238425926
177.50192997685184
181.31463541666668
181.95113425925925
181.72220775462964
181.301484375
181.21399594907408
180.8437818287037
179.97466435185186
179.18507233796296
178.93507233796296
178.03466145833335
177.26125
177.04468171296296
176.5498929398148
176.2877777777778
175.5190306712963
174.89936631944445
174.97017939814816
174.58734664351852
174.64525752314816
174.78558738425926
174.81061921296296
175.88188368055555
178.02680555555557
180.41415219907407
180.7648900462963
180.2945891203704
180.5195109953704
180.39437210648148
180.1708015046296
179.98479456018518
179.0742679398148
178.64357928240742
178.31570891203702
178.09610532407407
177.7581221064815
177.54180555555556
176.80780960648147
176.78388020833333
176.23270543981482
175.51657696759258
175.65982060185186
175.63816840277778
176.23874131944444
177.31929398148148
178.72974537037038
181.53716145833332
182.4739641203704
182.24695891203703
181.3817997685185
180.8854658564815
180.91949074074077
180.6969415509259
180.4572453703704
179.7475318287037
179.64345775462962
179.05796585648147
178.0276388888889
177.70697337962963
177.39378472222222
177.2827806712963
176.6143576388889
176.1435908564815
175.66374421296297
175.85286747685186
175.77179108796295
176.0688917824074
178.08131655092592
181.01200810185185
182.5903761574074
182.65633101851853
182.27170717592597
182.2633391203704
181.3988310185185
180.94917534722225
180.89226273148148
180.19097511574077
179.73403645833332
179.1373900462963
178.41997685185186
178.23855613425926
177.42428819444444
177.12956597222222
176.5951707175926
175.8676996527778
175.63006365740742
175.67499131944444
175.6276417824074
176.01267650462964
177.04155960648148
179.4895659722222
181.7874045138889
181.98311921296295
181.55997395833333
181.2920428240741
181.55331886574075
181.43846354166664
180.36155671296297
179.9753096064815
180.12479166666665
179.6463107638889
179.841796875
179.6309230324074
178.71377025462962
178.4756741898148
177.85893807870372
177.25064236111112
176.1758304398148
176.13802662037037
176.31346354166666
176.55945601851852
177.85453703703703
179.42564814814816
182.17966435185184
183.43986689814813
182.6824305555556
182.59696469907408
182.20825810185184
181.2830873842593
180.9799421296296
180.5850318287037
180.8581394675926
180.8366550925926
180.15673611111112
179.51749710648147
179.0871556712963
178.41890335648148
178.90141493055555
178.41171006944444
177.74261574074075
176.89177372685185
176.75241608796296
176.18330150462964
176.87878761574075
177.53789351851853
179.56015625
182.88683449074077
182.9335648148148
182.4186400462963
182.28553530092591
181.83422453703704
181.6905873842593
181.13947048611112
180.70549479166667
180.1987586805556
179.52308159722222
179.01918113425927
178.43691550925925
178.02047743055556
177.66143229166667
177.78666377314815
177.90729166666668
177.15480324074073
176.49947627314816
176.55546006944445
176.62243634259258
176.69103877314814
177.5731568287037
178.6612326388889
181.9671383101852
183.84096064814813
182.68707175925925
182.42936921296297
183.02253761574076
183.2159693287037
182.32916666666668
182.35712962962964
181.9277517361111
181.41445891203705
181.23061631944444
181.02653067129629
180.6531886574074
180.38913194444444
179.9014236111111
179.86879340277778
178.96731770833333
177.96981770833332
177.56684317129628
177.49404513888888
177.7080642361111
178.15307291666667
179.94330150462963
182.57066261574076
184.21397858796297
184.2833391203704
183.81302372685184
183.56971354166663
184.05803530092592
183.64435185185187
182.8362239583333
182.64105034722223
182.24522569444449
181.82611979166663
181.71800636574076
181.6092274305556
181.0002662037037
180.61718171296295
180.27355034722223
179.54848958333332
179.0570023148148
178.16984085648147
178.4444386574074
178.6505931712963
178.88912037037036
180.13016782407408
182.8538252314815
184.63696759259255
184.54357638888888
184.0422482638889
183.65572627314816
183.2243489583333
183.0801099537037
183.10393229166667
182.30602719907407
181.6796527777778
181.37526041666663
180.7686226851852
180.4966984953704
180.6140133101852
180.3858998842593
180.00074652777778
178.78713252314816
177.9831076388889
178.14322916666666
178.33036168981482
178.3741261574074
178.66246238425927
179.56564525462963
181.6176302083333
183.8397771990741
184.34219328703705
184.35469618055555
184.11014756944445
183.7498466435185
183.6488107638889
182.99686921296296
182.8194328703704
183.0054716435185
182.81984953703704
182.9273582175926
182.9808738425926
182.1790943287037
182.0617650462963
180.6370543981481
180.26566261574075
178.79095775462963
178.3971701388889
178.35168402777776
178.39652199074075
178.67656539351853
179.66287326388888
182.061015625
184.50160300925927
185.47549479166668
185.2554890046296
184.39054976851853
183.96075520833327
182.59871527777776
182.3698784722222
181.9104832175926
181.58855324074077
181.18389756944444
180.7743200231481
180.8783622685185
180.59721354166663
179.38536458333334
179.2118315972222
178.77147858796295
177.94737268518517
177.87721354166666
177.58009837962962
178.04092592592593
178.71655092592593
179.2619068287037
181.60699652777777
183.83035300925928
183.91486979166663
183.7133912037037
183.4212962962963
182.65141203703703
182.1400983796296
181.36865451388888
180.88150173611112
180.66261863425925
179.9243605324074
179.75945891203705
179.19200231481483
179.11831597222223
178.6977662037037
179.1063599537037
178.69039641203705
177.62894965277778
177.0768431712963
176.09630787037037
176.42332175925927
176.62072627314814
177.56824652777777
180.24357060185184
181.85470486111112
181.58015335648147
181.3139236111111
181.02815104166663
180.53597511574077
180.5743605324074
180.33656828703704
179.47793113425925
178.9680960648148
178.91561631944444
178.3869386574074
177.73486400462963
177.18171006944445
176.12972800925925
175.89778645833334
175.66416377314815
175.04733796296296
175.1211082175926
175.23356770833334
175.47818287037038
176.28862847222223
176.95690104166667
179.91456886574073
181.83721354166667
181.6422945601852
181.8294994212963
181.7870949074074
181.93129050925927
181.5758998842593
180.6107349537037
180.20658275462964
178.98278645833332
178.30741030092594
178.2106510416667
177.69211516203703
177.50738425925925
177.2221585648148
176.93789930555556
176.18533564814814
174.8453587962963
174.9853125
174.89457175925926
175.09852719907408
175.06125
176.23735243055555
178.23189525462962
181.10238715277777
181.9224537037037
181.525234375
180.76283854166667
180.4504658564815
180.55569733796293
180.4652864583333
180.2732494212963
179.69783275462962
179.19758680555557
179.04728877314815
177.74813657407407
177.8156857638889
177.93079282407408
177.33759837962964
176.12609953703705
175.5155150462963
175.6382494212963
176.01198784722223
176.57561342592592
177.27319733796296
178.7256886574074
181.21089988425925
183.8050202546296
184.1177025462963
182.8078732638889
182.74634837962964
181.96366608796296
181.9781712962963
182.1370341435185
181.7001012731481
181.70294560185187
181.37934027777777
181.7116579861111
181.15732060185184
180.29265625
180.1354195601852
179.7585300925926
178.3989670138889
178.6882436342593
178.11913483796295
177.8709403935185
178.67944733796296
180.22127314814816
182.2479050925926
183.52670717592596
183.6825289351852
183.4004369212963
183.15549479166663
182.64664930555557
181.93687789351853
182.03682002314812
181.69333622685184
181.2751851851852
180.98966145833333
179.98323206018517
179.66233506944445
179.4364409722222
178.9348755787037
178.3942505787037
177.80383969907408
178.05875578703703
178.30392650462963
178.30336226851853
178.7278125
179.66967303240742
181.32967881944444
183.19171006944444
183.3986082175926
182.89678819444444
182.60467881944444
182.77985532407408
182.4596730324074
182.00100694444444
181.4863773148148
181.6396383101852
181.21014178240745
180.67300636574075
180.40119791666663
179.94289930555556
179.92385706018518
179.85649305555555
179.07451967592593
178.38483217592594
178.12684895833334
177.73561921296297
178.05512442129628
178.43283275462963
179.4188252314815
181.42283854166664
183.34295717592596
183.8373524305556
183.55830150462964
183.28225983796293
183.32056423611112
183.3927372685185
183.06033275462963
182.36742476851853
182.1456076388889
181.9300925925926
181.00967881944445
180.43359953703705
180.38712962962964
180.2645109953704
180.23964409722225
179.7347366898148
178.9006770833333
179.60306134259258
179.70194155092594
180.63523148148147
181.44172743055557
183.04495949074075
185.84620659722225
185.88200231481483
185.82729166666667
185.98369502314816
185.473125
185.28452546296296
185.0360734953704
184.7567390046296
184.91460648148148
184.37614004629629
183.96813657407407
183.30851273148147
182.7333333333333
183.0734490740741
182.90355034722225
182.2127025462963
181.52974826388888
181.6384866898148
181.6333883101852
181.9769704861111
183.0770949074074
183.98421296296297
186.46010416666667
187.9337471064815
187.87955729166663
187.54438078703703
186.8158449074074
186.55944733796292
186.04392650462964
186.0061574074074
185.8993431712963
184.72214988425927
184.03705439814811
183.66530092592592
183.34080439814812
182.63914351851847
182.27050347222223
181.32686921296295
180.44444733796297
180.28646701388888
179.98416377314814
180.48027488425927
181.3357899305556
183.020546875
185.23482060185185
186.29467592592596
186.3989293981481
185.91845775462963
185.5269675925926
185.0809693287037
184.39605324074077
184.3382523148148
183.86684027777775
183.03969039351853
182.92181712962963
182.5702488425926
182.02994502314812
182.35856481481483
182.01230324074075
180.8654108796296
180.368125
180.40352141203704
180.42174189814816
180.732578125
182.8418547453704
185.50483796296297
186.24304108796292
186.5147511574074
186.11769097222225
185.25919270833333
185.09998842592591
185.2915914351852
184.8376678240741
185.0877662037037
184.2389988425926
182.78536747685183
182.45216435185185
181.8228327546296
181.73854166666663
181.31858217592597
180.7627575231481
179.68096643518518
179.24865740740742
179.38025462962963
180.02389756944444
180.53122685185184
182.71884548611112
185.1814351851852
185.6410011574074
186.2490162037037
185.8202488425926
184.3439380787037
183.8585734953704
182.7420023148148
182.3912991898148
182.6858825231481
182.1025578703704
182.79666666666665
182.3336574074074
181.9495428240741
181.2704253472222
180.69795717592592
180.20561921296297
179.19412037037037
178.85093460648147
179.20658854166666
180.17045717592592
181.2959606481481
183.03308159722224
184.71483506944443
184.5716203703704
184.28224247685185
184.42533275462964
184.12756944444445
183.35321759259256
183.08952546296297
183.351875
182.37382523148148
181.66556712962964
181.78787326388888
181.9913802083333
180.87582175925925
179.8877025462963
180.01355902777777
179.277109375
179.91036747685186
180.4052662037037
181.1445949074074
182.15298900462963
184.50743344907409
185.5179542824074
183.9355439814815
183.57472511574076
183.44027199074077
183.19796296296295
181.56663194444445
181.0988599537037
180.75245949074076
180.1783275462963
180.04452546296295
179.83213252314815
179.62144965277778
179.41605324074075
178.50136574074074
178.0380931712963
177.10174189814813
177.2858883101852
177.40342592592592
177.64868923611112
178.58308449074073
180.12990740740742
182.05538194444443
182.46389467592596
183.0087181712963
182.6033304398148
181.0112962962963
180.8796961805556
180.4785792824074
180.3424363425926
179.4581105324074
178.83166666666668
179.00261284722222
178.97044270833334
179.26470775462963
178.96656539351852
178.52149305555557
178.19802083333337
179.27269675925925
180.3181857638889
179.46258680555556
179.93296006944445
180.53380497685183
181.8904600694445
183.1740480324074
183.3542390046296
181.9744386574074
181.7414207175926
181.59462094907408
181.398046875
181.3102170138889
181.25577835648147
180.93631655092597
180.7983159722222
181.33891493055555
181.18134259259256
180.5938773148148
179.92121527777778
179.58528645833334
179.55441261574074
180.20417824074076
179.82126157407407
180.42964988425925
181.30694444444444
183.1273958333333
185.20957465277775
185.86993634259255
185.65584780092595
185.8655700231481
185.3952054398148
184.9836545138889
184.9082609953704
183.76504050925925
183.3234114583333
183.41429398148148
182.8014351851852
182.65028935185185
182.55515335648147
182.53487847222223
181.93132233796297
180.95125578703704
180.20924189814812
179.86744212962964
179.7741261574074
180.6727835648148
181.5047366898148
183.22186342592596
185.1850318287037
186.60833622685183
185.81079861111112
186.0882667824074
185.76228877314816
185.01826967592592
184.51822916666663
183.6489988425926
183.3224074074074
182.48975983796296
182.1778414351852
182.1910185185185
181.93741898148147
181.93898148148148
181.37157986111112
181.41889756944445
181.40400752314812
181.09699652777775
180.93798611111112
181.2468605324074
182.2969328703704
184.5614409722222
186.31333622685185
186.2915914351852
185.7051128472222
185.7119560185185
185.2278761574074
185.07890625
184.7763368055556
184.2465364583333
183.88578703703703
182.10485532407407
181.7948119212963
180.89711516203704
180.52958622685185
180.12972222222223
179.7521556712963
179.0789988425926
178.5059693287037
178.46451099537038
178.8597511574074
178.6791753472222
178.8382204861111
180.4365162037037
182.37610532407408
182.6312239583333
182.4117216435185
182.20848958333332
182.17324363425925
182.3941232638889
182.60699074074077
182.3431539351852
181.7341724537037
180.81811053240745
180.5784866898148
180.63511284722225
180.4040769675926
179.5921412037037
179.17560474537038
177.58582175925926
176.98070023148148
176.71225983796296
177.23945601851852
177.67942997685185
178.05017939814817
179.75391203703705
181.8020138888889
182.8414265046296
182.9682609953704
182.9740277777778
183.0594560185185
182.3560011574074
182.48928530092596
182.44442997685184
182.460546875
182.3860474537037
181.89819733796296
181.6177517361111
181.57092303240745
181.5523119212963
181.08883391203705
181.0205179398148
180.87508391203704
180.65303819444443
181.15092592592592
182.5764554398148
183.36783275462963
184.32055266203704
186.4149826388889
186.75538194444445
187.0606568287037
187.50300925925927
187.3112471064815
185.66712962962964
184.87162905092592
185.0463859953704
184.67182291666663
185.14064814814816
184.4408130787037
184.01342303240745
183.7038310185185
181.23607060185185
180.01810474537038
179.5231278935185
178.55535300925925
176.30557291666668
175.43222511574075
175.15877604166667
175.5415798611111
176.36076967592592
177.91114583333334
178.99565393518515
179.124296875
179.95953703703702
179.81349247685185
180.58338541666663
181.03684317129628
181.82136863425927
182.04407407407408
181.6904918981481
181.664453125
181.90552372685184
181.6779050925926
181.59278935185185
181.86689814814812
181.41663194444445
180.58562210648148
180.37289641203705
180.51284722222223
181.24809895833332
182.57506944444444
183.76137152777775
186.10842881944444
187.79803530092596
188.95039351851847
189.7709201388889
190.91676215277775
192.2991145833333
194.6744155092593
196.22147280092597
196.08389178240745
195.8380266203704
