0.5816435185185185
175.23269386574074
175.42379918981482
175.10546006944443
175.86573784722222
176.13933159722222
175.6431568287037
175.7650607638889
174.66310474537036
173.61565972222223
172.48041666666666
171.65208043981482
170.8820688657407
171.82238136574074
174.84919560185185
177.7430324074074
178.6944068287037
178.5169386574074
178.20939525462964
177.62629050925926
177.77359375
177.15803819444446
177.1161255787037
176.73053530092594
175.78695023148148
175.60410011574075
176.28293692129628
176.2098263888889
175.23811921296297
174.32178530092594
173.7597800925926
172.76274016203703
171.48321759259258
171.27552372685184
172.44861400462963
175.9092997685185
178.8601128472222
179.05313657407407
178.68639467592592
178.30392650462963
178.27210358796296
177.71322337962962
176.8391377314815
176.08350405092594
175.54925347222223
175.00358796296297
175.45764756944445
175.69840567129629
175.49361400462962
175.55666377314816
174.51540798611111
173.32894386574074
172.35016493055556
171.65468460648148
171.4342997685185
172.00471932870371
175.32450810185185
179.118671875
179.05030092592594
178.92088252314815
178.7277633101852
178.46654224537036
178.31930844907407
177.71380787037037
177.75646990740742
177.25326388888888
177.12565972222222
176.91612847222223
177.74244791666666
178.1496238425926
177.53806712962964
176.78629918981483
175.21944733796298
173.80679108796295
173.42539930555554
173.1615625
173.15576967592594
176.44487847222223
178.49650752314815
179.0399826388889
178.10799479166667
177.8487037037037
177.8622540509259
177.5630121527778
176.5216695601852
175.70573784722222
175.68658564814814
175.54046006944444
175.88485821759258
175.7938917824074
175.72597222222225
175.11316840277777
174.15171296296296
173.27794849537037
171.72120659722222
171.36638888888888
172.78439236111112
175.77491898148148
178.58021412037036
179.12960358796298
180.10157407407408
179.864453125
179.32916087962963
178.89245659722224
178.3270457175926
177.90220775462964
176.9289525462963
176.3565277777778
176.80880497685186
177.16541377314817
176.26234085648147
176.33820891203703
175.75594328703704
174.41891782407407
174.03918981481482
173.09961516203705
172.12280960648147
172.1903443287037
175.11736400462962
178.9107349537037
179.8905758101852
179.98337094907407
179.33956597222223
179.23219328703703
178.64983506944444
178.13526041666665
177.49255497685186
176.94567997685186
176.3959866898148
175.78052083333333
176.57755497685184
176.73822048611112
176.59078703703705
176.68969618055556
174.49228009259258
173.44091435185186
172.22838252314816
171.1642476851852
170.6550144675926
171.37808449074075
174.68510416666666
178.20566840277775
178.62284722222222
178.37638020833333
178.72655671296295
178.20016782407407
178.18526909722223
177.7877980324074
176.65723668981482
175.99731770833333
175.76384837962962
175.39306423611112
175.76806712962963
176.1739525462963
176.20185185185184
175.85869791666667
175.61798900462964
174.21822627314816
173.45893229166666
172.90200810185186
171.92524016203703
173.32897858796295
176.79386863425927
178.88637152777778
179.69692708333332
179.2725607638889
178.25302372685186
177.84158275462963
177.2125318287037
176.58586226851853
175.3849855324074
174.8583478009259
174.6459866898148
174.79375868055556
175.7027314814815
176.03348668981482
175.20784143518517
174.10396122685185
173.55932291666667
172.506796875
172.4430497685185
172.86372685185185
174.85084780092592
178.36288483796295
179.52813946759258
179.44202835648147
179.59508680555555
179.35445023148148
179.58977430555555
179.2235474537037
178.03241030092593
177.45217592592593
176.30258969907408
175.8336545138889
175.62344618055556
175.69916377314814
176.7090190972222
176.64536747685185
176.63820891203704
175.66388599537038
173.42382233796295
172.49803819444443
171.37247106481482
171.4843605324074
174.33716435185184
178.19008101851853
179.81642939814816
179.42711805555555
179.82640335648148
179.75526909722225
179.34628761574075
178.8199884259259
178.88463541666667
178.20224537037038
177.00448206018518
176.55439525462964
175.07087094907408
175.15775752314815
175.81457465277776
175.8501591435185
175.72994502314816
174.74638599537036
172.85422743055557
171.9030960648148
171.93514467592593
172.3824681712963
174.90515914351852
178.63086805555557
179.44975405092592
179.33958912037036
179.2503125
179.03602430555554
177.7127806712963
177.13063078703703
176.79592592592593
175.9502314814815
176.3338744212963
175.91966724537036
176.3925144675926
176.8536255787037
176.60916666666665
176.4978761574074
174.81025752314815
173.36827256944446
172.90127314814814
171.94578703703704
172.24902777777777
174.25533854166667
177.23614583333332
178.46046585648148
179.10275173611112
178.6394994212963
178.98641493055555
178.5249681712963
178.68574363425927
178.17569155092593
177.48509837962962
176.87271122685186
177.06352430555555
177.70358217592593
176.77361979166668
176.82677662037037
175.97020833333335
174.54387152777778
174.07317708333332
172.7282957175926
173.206640625
174.24555555555557
175.7947511574074
178.64817708333334
179.58557291666668
179.45832465277778
178.96412905092592
178.9817534722222
177.94216435185186
177.42529513888888
177.16613715277776
176.62296296296296
175.5481741898148
175.15114583333337
175.58216435185184
175.76107638888888
176.6141869212963
176.34935185185185
175.61896412037038
174.45165798611112
173.79782407407407
172.8453616898148
172.67681712962963
173.84047743055555
177.79839699074074
180.50406828703703
181.3160821759259
181.43086805555555
179.61786747685184
179.11244212962964
179.13483506944445
178.61269097222225
178.4086863425926
177.61331886574075
176.74953703703704
175.99509837962964
176.2320775462963
176.2668258101852
175.85767650462964
176.02583622685185
175.64858796296295
174.6682667824074
173.7011574074074
172.65800347222222
171.85927372685185
171.64328125
173.66791377314814
177.2952517361111
179.88471354166666
180.06845486111112
179.57809606481482
179.33228009259258
179.15742766203704
178.79902488425927
178.37892939814816
177.78863425925925
176.91677662037037
175.92188657407408
176.08241898148148
175.90002604166668
175.7727980324074
176.18298032407407
176.64054108796296
176.0401070601852
174.3580758101852
173.0855787037037
172.26732638888888
171.6930324074074
173.37015914351852
175.893046875
178.87837094907408
179.89938078703705
179.55102719907407
179.23711516203704
179.34694733796297
178.88241319444444
178.28278645833333
177.48861979166668
176.47931134259258
175.95217592592593
175.6642476851852
176.04638020833335
176.20185474537038
176.17499710648147
176.3024103009259
175.19910590277777
174.6742216435185
173.66729166666667
173.3748148148148
173.7974565972222
175.52336516203704
179.27454282407408
180.2526649305556
180.6001851851852
179.2098292824074
179.10960069444445
178.89085648148148
178.4939872685185
177.9239814814815
177.30070601851853
176.6101070601852
175.6502806712963
175.78219907407407
175.66037905092594
176.24459201388888
176.5063773148148
177.2974363425926
176.74961805555554
174.2105324074074
172.91225983796295
172.1939988425926
171.84936342592593
172.54506655092592
175.49744212962963
179.01586805555556
179.97580150462963
180.4509809027778
180.49910300925927
179.27169270833335
178.64188657407408
178.86309895833332
178.42197916666666
177.37983506944445
176.54920717592591
175.62703125
175.18908854166668
174.58249710648147
174.51091145833334
175.57065972222222
175.30266782407406
174.81652777777776
173.2954224537037
172.98587673611112
171.93482349537038
171.5404369212963
172.26381944444444
176.23730324074074
179.77752604166668
180.2711226851852
180.18254340277775
179.53953993055555
179.4491724537037
179.1313773148148
178.6298292824074
178.5275289351852
177.7643721064815
177.0073003472222
176.46074074074073
176.35771122685185
176.79305555555555
177.37790509259258
177.4879861111111
176.69362847222223
175.28846064814817
174.37281539351852
173.53624131944446
172.11375868055555
172.698046875
175.42259837962962
178.87775173611112
180.6326388888889
180.3587934027778
180.21919560185185
179.9641087962963
179.39128761574074
178.85792824074073
177.79272280092593
177.01685474537038
177.52677372685184
177.47485532407407
176.75991319444444
177.35751157407407
177.5122800925926
176.90973668981482
176.03847511574074
174.68511284722223
173.59187210648147
172.90742476851852
172.30669849537037
174.45726851851853
179.44876736111112
181.58959201388888
180.15928819444449
179.90900173611112
180.67479166666664
180.52368634259255
180.21386863425928
179.5361689814815
179.4543402777778
178.91333912037038
177.0294704861111
176.55202546296297
175.95464988425925
176.37554398148148
176.86098958333332
177.03735532407407
175.53129050925926
174.14705150462962
172.9854369212963
171.96376157407408
171.69866608796298
172.08564814814815
174.72362268518518
178.8180295138889
179.98423900462964
179.92680266203703
179.5907841435185
179.4135329861111
178.28352430555557
177.8357841435185
177.65041666666667
176.9760648148148
176.69613425925925
175.74309895833332
175.87660300925927
175.74742476851853
175.97678530092594
176.34372974537038
176.73434895833333
176.18495949074074
175.10055266203705
173.84754340277777
174.17855613425925
173.83179108796296
172.66046296296295
175.2782841435185
178.94509837962963
180.3413078703704
179.56458912037036
179.41564814814814
179.3920601851852
179.17085648148148
178.6895023148148
177.8444560185185
177.97008680555555
177.26899305555557
175.64188657407408
175.52901331018518
176.1431394675926
176.6491261574074
176.32050636574073
175.4404803240741
174.76442997685186
173.64363425925927
172.07141493055556
171.35712094907407
172.33618923611112
175.00631365740742
179.48783564814815
180.79998842592596
181.1192505787037
180.8689293981481
179.6132320601852
179.26435185185184
177.90843171296297
177.09930844907407
176.36111400462963
175.47131944444445
175.49684027777778
175.9639380787037
176.59473958333334
176.85167534722223
176.70032407407408
175.51209780092591
173.3579369212963
172.27363136574073
171.28765625
171.12241608796296
173.4101909722222
177.79283854166667
180.50564236111111
180.3815306712963
179.99267939814814
179.97768518518518
178.3030439814815
177.6732638888889
176.64482349537036
175.83172453703705
175.54090856481483
174.68583912037036
174.88950520833333
174.8821238425926
175.19149016203704
175.8281278935185
175.70460648148148
175.02539641203705
172.91171875
171.6600173611111
171.14277199074073
170.97300925925927
172.15701967592594
175.80839409722222
179.65013888888888
180.09397280092594
180.3060734953704
179.6001070601852
179.60758101851852
179.13495949074073
176.91824652777777
176.02427083333333
175.0488773148148
174.1603298611111
174.53456597222225
174.81259548611112
175.203359375
175.67102430555556
175.48235243055555
174.45978587962964
172.91962962962964
171.56162037037038
171.02826099537037
171.50633680555555
172.25317997685184
176.3222309027778
178.9984056712963
179.0365451388889
178.5769386574074
177.9350491898148
177.81527777777777
177.04825520833333
176.18225115740742
175.49513310185185
175.08825520833332
174.98650462962962
176.67460069444445
177.33605324074074
178.60274016203704
178.51833333333337
174.73328993055554
173.07343171296296
171.95693287037037
171.43405671296296
172.35058738425926
175.6930642361111
179.31696180555556
179.8898900462963
179.01330729166668
178.24505497685186
178.05766203703703
177.39658275462963
176.75024884259258
175.87503761574075
175.06469328703704
174.5284056712963
175.14693576388888
175.74026041666667
176.28088252314814
176.2908130787037
175.1688744212963
173.80539641203703
173.03578414351853
171.80856481481482
171.25591145833334
172.26877025462963
175.4113570601852
179.09970196759258
179.35146990740742
178.9586111111111
178.87345775462964
178.5753443287037
176.923125
176.1475954861111
175.83844618055556
175.02619791666666
174.67945601851852
174.60583333333332
174.7526909722222
175.39327546296298
174.91372685185186
174.14335358796296
173.6685503472222
172.1340596064815
170.4751417824074
170.2138136574074
170.8623900462963
173.79275462962963
178.4593113425926
179.12234375
178.36106481481482
177.7162962962963
177.40958333333333
176.7253125
176.4944386574074
175.47076099537037
175.0240914351852
174.6649681712963
174.7907349537037
175.4932841435185
175.73268807870372
175.4767158564815
174.23420717592592
173.16725405092592
171.5138425925926
170.23806423611111
170.31135995370371
171.18027777777775
174.60521412037036
178.9364525462963
178.92043113425925
178.4227517361111
178.78595486111112
178.3194241898148
178.36861400462962
177.41889756944445
175.73956018518518
175.09199074074073
173.80352430555556
174.0190133101852
175.11621527777777
175.4569820601852
175.5445138888889
174.78264467592592
173.023828125
171.51089988425926
171.10969618055557
171.37561921296296
171.86258969907408
176.18249421296295
180.1994849537037
180.06109953703702
179.44675636574075
179.10827546296295
178.010625
176.99908275462963
175.91819733796297
175.3277025462963
174.4037471064815
174.4669704861111
175.20376736111112
175.6830613425926
176.0145601851852
175.19638020833332
174.23184895833333
172.49425925925925
171.45214699074074
170.70821469907406
171.94861400462963
174.52842881944446
179.21942418981482
180.3312731481481
180.01837673611112
179.44469039351853
179.34594328703704
178.7690625
177.12061921296296
176.36234664351852
176.70360243055555
176.41030092592592
177.29681712962963
178.4737210648148
177.2949565972222
177.25064236111112
176.26508680555557
174.54171006944443
172.63100405092592
171.56653356481482
171.2234056712963
172.70026041666668
176.68334201388888
179.5763454861111
180.69610532407407
180.36150752314813
180.09191261574074
179.59809895833334
178.6699045138889
178.0032349537037
176.58953703703705
175.53494212962963
175.32307870370371
175.24850983796296
174.93299189814817
175.7375491898148
176.39409143518515
176.12490451388888
174.63993344907408
173.1118576388889
171.47063078703704
170.42186921296295
170.73484375
171.91866608796298
177.14745081018518
180.09306712962962
180.88699363425928
180.34240451388888
181.0080787037037
180.7123611111111
179.05444444444444
178.59592592592594
176.95390625
176.08030671296297
175.6294386574074
175.14229456018518
174.94667824074074
175.3633912037037
176.28785011574075
176.3551417824074
174.7507494212963
173.60399016203704
171.859921875
170.8217332175926
170.28074363425927
170.50963252314816
173.61957465277777
178.02992766203704
178.6545949074074
178.44754340277777
177.77496527777777
177.3858912037037
176.9323263888889
176.22614872685185
175.82316840277778
175.04555844907406
174.30397280092592
173.6377517361111
173.87625
174.31177662037038
174.99619791666666
174.83729166666666
175.13026909722225
174.02385416666667
172.1693576388889
171.23814525462964
170.10156828703705
170.2534837962963
173.65366898148147
177.99602719907406
179.07860243055555
178.91192997685187
178.31149016203705
177.9621238425926
176.45142650462964
175.7735011574074
174.71427083333333
173.98303819444445
174.1289380787037
173.90917534722223
173.8830324074074
174.4737644675926
174.81346354166666
174.42764756944445
174.36219907407408
172.7845920138889
172.51322048611112
171.80197916666663
171.93616898148147
173.80658854166666
177.00402199074074
179.01188078703703
178.69312789351852
178.42795717592594
177.4524565972222
176.69206597222222
176.24564236111112
175.4552806712963
175.15310185185186
174.8694357638889
174.5774045138889
175.2537528935185
174.67316550925926
174.410859375
174.52403356481483
173.05618055555556
171.9691087962963
171.28201388888888
170.77610243055557
171.67892939814814
175.05772569444446
179.0037152777778
179.78702546296296
179.50921006944444
178.771796875
177.98705729166667
177.61087384259258
176.8139409722222
175.9146267361111
175.37069155092593
174.93268229166668
175.16463252314816
174.90156828703704
175.263125
174.88839699074074
173.9305642361111
173.4591753472222
172.50381944444445
171.98823784722222
172.14250868055555
173.91939525462962
177.61495659722223
180.5716116898148
180.56648726851853
179.52831886574074
178.88363136574074
177.75662905092594
176.97865162037036
176.8380439814815
176.4655150462963
177.00081597222223
177.58960648148147
178.0124681712963
177.61904513888888
176.41225983796295
175.29539351851852
172.75305844907408
172.15935185185185
172.1406741898148
173.59234375
177.39428819444444
180.06157118055555
179.82666377314814
179.31250578703705
178.3008449074074
177.49850405092593
177.49998842592592
176.9311284722222
176.59777199074074
177.05883391203704
178.07764467592594
178.1887008101852
178.24714409722222
177.4564525462963
174.87003761574073
173.71129050925927
173.34818287037038
173.65138020833334
175.0220775462963
178.97473090277776
181.6255150462963
181.27515335648147
180.40844328703704
179.9065625
178.91178819444443
178.26153645833332
177.69574074074075
177.47973958333333
177.9794704861111
178.53611689814815
178.4142679398148
178.1020601851852
177.6200954861111
176.2587210648148
174.6523784722222
173.7955150462963
173.02495659722223
174.46708912037036
178.32003472222223
180.78398726851853
181.64459201388888
181.5436892361111
181.05536747685184
180.6508738425926
179.98900752314816
179.12916377314815
180.03081018518515
179.70330439814813
179.38140625
179.94408854166667
178.52228587962964
178.13504340277777
176.98414930555555
175.7614322916667
175.00518518518518
174.23853009259258
174.88100694444444
176.78897569444445
180.7334982638889
182.60045717592592
181.51017650462964
181.3013107638889
181.46292824074075
180.9683796296296
180.72572916666667
180.07784143518518
179.22724247685184
179.11953125
178.84172453703704
179.21639756944444
180.0140017361111
179.93456597222223
178.39959201388888
177.12608506944446
176.4718287037037
175.63855613425926
175.4534548611111
177.1599681712963
180.1438136574074
182.5179369212963
182.50202256944445
182.189375
182.2053587962963
181.7491984953704
182.0520515046296
181.8373640046296
180.01897569444444
179.46157986111112
179.4787008101852
179.13842013888888
179.7986545138889
180.2171325231481
180.01472222222222
179.42785590277776
177.74935185185186
176.48206597222222
175.16760127314814
174.46390625
174.95082465277778
177.09550347222222
180.64546585648148
182.17197337962963
182.5395109953704
182.4390596064815
181.5865248842593
181.4656712962963
181.25100115740744
180.54792824074076
180.9677228009259
180.20136863425927
180.0420457175926
179.9811545138889
179.63119212962962
180.1514930555556
179.46862847222224
178.85324652777777
177.72296006944444
176.66864583333333
175.25713831018518
174.53515046296295
175.05883391203704
177.15266493055557
181.59569733796295
183.21103587962963
181.9089033564815
181.63266782407408
181.66641203703705
181.26774305555557
181.17725694444445
180.56082465277777
179.83480034722223
179.4573755787037
179.11155671296297
179.25580729166666
179.25539351851853
179.42594907407408
179.4529716435185
178.5351880787037
177.0981857638889
176.13385416666668
175.67860532407408
175.68973668981482
178.46346643518518
182.18689525462963
183.11702546296297
183.18716435185183
182.98806712962963
182.66022569444445
183.5277199074074
183.00296875
182.8689554398148
182.44658854166667
181.25374710648148
181.1598755787037
180.9994560185185
181.47127604166667
180.8762181712963
180.39107060185185
179.89730324074074
178.3188599537037
176.74564525462964
175.9267361111111
175.65085069444444
177.7129050925926
181.4917476851852
183.0108043981481
183.7437037037037
183.56824074074075
183.67921006944445
183.52355034722223
182.22828703703703
181.7322019675926
181.7002054398148
181.07416666666663
180.00183449074075
179.7538917824074
179.87611400462964
180.37311921296296
179.69266203703702
179.43859085648148
179.06309895833334
177.5772974537037
176.59290219907408
175.87089699074073
175.07842881944444
176.22039930555556
179.89535011574074
182.47486400462964
183.4119241898148
183.3710590277778
182.44118923611111
182.0028096064815
182.78951678240745
182.28332465277776
181.7406770833333
181.0347366898148
180.24953703703704
180.43444733796292
180.616171875
180.97566261574076
181.0178877314815
180.3325289351852
178.6978472222222
177.22172453703703
176.12561921296296
175.99817418981482
176.34203125
179.2279513888889
182.75352430555557
183.5031712962963
183.2458622685185
183.0684837962963
182.5626765046296
182.47557291666664
181.88030092592592
181.55295138888889
180.16271122685183
179.39303240740742
179.08760706018518
178.73576099537038
178.82647858796295
179.115078125
179.6259056712963
179.54543113425925
178.92075810185185
177.6987065972222
176.950234375
175.71404513888888
175.65085648148147
176.29896122685184
178.73461516203704
182.4554398148148
183.37299189814811
183.1661892361111
182.58632233796297
182.3302372685185
182.5294704861111
182.15596064814812
181.47881944444444
180.62255497685183
180.11732349537036
179.47183159722223
179.07658275462964
179.19989293981482
179.7746846064815
180.0515625
180.57067997685184
179.54078993055555
177.727265625
176.54403645833332
175.57112268518517
175.31204861111112
176.50758969907406
179.7774537037037
183.47863715277776
183.6430787037037
184.69147569444445
184.68286458333333
184.2665335648148
184.1222945601852
182.38777488425927
181.8012934027778
181.76191261574075
181.0889525462963
181.83102719907407
182.20782696759255
183.35013020833333
183.82938078703705
180.29947916666663
178.89582465277778
178.1718431712963
177.06317708333333
176.62217592592592
177.48827256944443
179.50216435185186
182.7306047453704
183.80988715277775
183.7370399305556
183.2958680555556
183.14775752314816
182.3530034722222
181.94105902777775
181.45741030092591
180.63342303240745
180.4529542824074
179.96980613425927
179.91352430555557
180.2199797453704
180.3445949074074
180.14703125
179.90006944444443
178.3627517361111
177.31336226851852
176.08185185185187
175.9598292824074
176.3746412037037
180.0738888888889
183.75434317129628
184.8010474537037
184.5667766203704
183.8914670138889
183.97413194444445
182.2525086805556
181.8879195601852
181.49824363425927
180.8385908564815
180.58011574074075
179.6566435185185
179.9954079861111
179.99527488425926
180.2930324074074
180.49939236111112
179.91629340277777
179.25355324074073
178.83383969907408
177.49147280092592
176.54967881944444
175.94677372685186
177.0914872685185
179.80803819444444
184.05383969907408
185.3423119212963
184.60998553240745
184.3865538194445
183.2620457175926
183.09233217592592
182.77180555555557
182.29462962962964
181.4687905092593
180.79709201388889
179.57809606481482
179.11950520833332
179.78461516203703
180.27691840277777
180.2287789351852
180.13780960648148
179.51550636574075
178.14225983796297
177.7849652777778
176.6087355324074
175.66867766203703
176.54382233796295
180.16220486111112
183.19149594907407
184.0300173611111
183.86550347222223
182.87261284722223
182.413359375
183.21475115740745
182.8547309027778
180.74497395833333
179.58606770833333
179.83296296296297
179.78061921296296
178.83825520833332
179.38309606481482
180.1448553240741
179.6369068287037
179.2375607638889
177.69514467592592
177.26849247685186
176.94769386574075
175.5117650462963
177.34009837962964
181.78743055555557
183.47813368055557
183.52278935185183
183.5268113425926
183.62035011574076
183.0120109953704
183.8352517361111
183.5232494212963
182.4589699074074
181.869375
180.58886863425928
179.9920630787037
179.49605613425925
179.5631539351852
179.93817708333333
180.4904253472222
180.54839699074077
179.5202690972222
179.18441550925925
177.8872800925926
176.61605613425925
176.41552662037037
176.96315393518518
180.6365133101852
183.44532407407408
184.01291666666663
184.15608217592592
183.88080729166663
183.8056105324074
183.6142939814815
183.2672366898148
182.7865422453704
181.6756655092593
181.0859461805556
179.25788194444445
178.4989409722222
178.73403935185186
178.9435648148148
179.4912471064815
179.97488136574074
179.5169068287037
178.52956597222223
177.29628761574074
176.20730324074074
175.6006365740741
175.1258912037037
176.86560474537038
180.7700144675926
184.3446585648148
184.6962384259259
184.9082378472222
185.09470775462964
183.32074074074075
183.0456394675926
182.6845109953704
181.94919560185184
181.52882233796296
180.88366319444444
179.42771122685184
179.44491030092593
179.9943142361111
180.69566840277776
180.5505266203704
180.09464699074073
179.1025028935185
177.73008680555554
176.8571267361111
176.19718460648147
175.94155092592592
178.4521267361111
181.1614265046296
182.77123553240745
182.59277777777777
182.3915306712963
182.3007667824074
181.7867361111111
180.8399681712963
179.92874421296295
179.55575520833332
179.01236111111112
179.98146990740742
180.42402488425927
180.80328703703705
180.84154803240745
180.5760069444445
179.43028356481483
177.61466145833333
176.1588715277778
175.65230613425925
176.34646701388888
180.3150289351852
184.10858217592596
183.9506886574074
183.6425868055556
184.27968460648148
184.0678096064815
183.18405671296296
182.53214988425927
181.4273900462963
180.7768258101852
179.5405150462963
179.43871238425925
179.56561342592593
180.19282407407408
180.57360532407407
180.05630497685186
179.2944241898148
177.64774594907408
176.2345138888889
175.40336516203703
174.92342592592593
176.47900752314814
181.14379050925925
183.7738454861111
183.7164670138889
183.22425636574076
183.84132523148148
183.63876446759255
183.01092013888888
182.33494502314812
181.08635127314813
180.1013570601852
180.11473958333335
179.80636574074074
179.4255613425926
180.05318576388888
180.13695601851853
180.55888310185185
179.87987847222223
178.5593113425926
177.07607060185185
175.8727170138889
175.17199074074074
175.35047743055554
177.02601851851853
181.43310763888888
183.8783246527778
183.8577575231481
183.41259548611112
183.07728877314813
183.71264178240745
183.42916666666667
182.85037326388888
182.0222048611111
181.97264756944443
181.4391493055556
179.709140625
179.46910300925927
181.19482060185183
181.9950462962963
180.91008101851853
180.33744502314812
179.06064236111112
177.43901041666666
176.41890335648148
175.91930844907407
175.51907407407407
177.85094618055555
182.74238425925927
184.5354658564815
184.15427372685184
183.69950810185185
184.4970138888889
184.02140914351853
182.497421875
181.9865914351852
180.2915162037037
179.60708912037038
178.94734085648147
179.229765625
179.261953125
179.7113310185185
179.86964409722222
179.01566550925926
178.18615451388888
176.65572337962962
175.8272309027778
175.70733217592593
177.29644386574074
181.03912905092596
184.30253472222225
184.68126157407409
184.48057291666663
184.37292824074075
183.0905960648148
182.90495659722225
182.25093171296297
181.52339699074076
181.40578414351853
180.6748263888889
179.36690393518518
178.88806712962963
179.31618344907406
179.91167245370372
180.75290219907407
180.5181105324074
181.51077546296293
180.56336805555557
177.1479369212963
175.9271701388889
175.7441898148148
176.13058449074074
179.70684895833332
184.2950607638889
183.79587384259256
183.61498842592596
182.96423032407407
182.7538773148148
182.61712962962963
182.24530671296296
182.81201967592597
182.4382378472222
181.0501273148148
180.17885127314813
179.96958043981482
179.19203125
179.14090856481482
179.42807291666668
179.0541579861111
179.4340017361111
179.15507233796296
177.99691550925925
176.43351851851853
175.1159346064815
174.14572048611112
174.09261284722223
176.1970920138889
180.07083622685184
182.7052025462963
183.09029803240745
182.48905092592597
181.9645341435185
182.51557291666663
182.1239409722222
180.9483680555556
180.106484375
180.0216550925926
179.1678298611111
178.21718171296297
178.0119212962963
177.69164641203704
178.29139467592591
179.0669357638889
178.96288194444443
177.62802372685186
176.31009837962964
175.29410879629629
174.3675925925926
174.2642505787037
175.55888310185185
178.99402199074075
181.71783275462963
182.7669994212963
182.4728703703704
181.0772337962963
180.45306423611112
180.4915248842593
179.66380787037036
179.11985243055557
178.56274884259258
178.7344097222222
179.05124421296296
179.71241030092594
180.2199710648148
178.74826099537037
177.48800347222223
177.6083478009259
176.44561342592593
174.94105034722222
175.12122106481482
176.61616608796297
180.67888888888888
183.21939525462963
183.14716145833333
183.6747511574074
183.13885416666668
183.11614872685183
182.79630208333333
180.23813078703705
179.52088252314817
178.02812210648148
177.5669878472222
178.54799768518518
179.12204282407407
178.85889467592594
178.22058449074075
177.30321469907406
176.05916956018518
175.55495949074074
174.54486689814814
174.86528645833334
176.45495949074075
180.88234664351853
183.4872453703704
183.74348090277775
183.41867766203703
182.6050318287037
182.20625578703704
180.6783709490741
179.79346064814814
179.0159201388889
178.23141203703705
177.50830439814814
177.3087037037037
178.6195167824074
178.95299768518518
179.78953993055555
179.27020833333333
176.53719328703704
175.28727141203703
174.77733217592592
173.94095775462964
174.69668113425925
176.86655092592594
181.6312789351852
183.24546006944445
183.35236689814812
183.0576273148148
183.35928530092596
182.69983796296296
181.9424363425926
181.1548524305556
178.5632320601852
178.0438136574074
177.57208912037038
178.06232060185187
178.63484085648147
178.78277488425925
178.45957465277775
176.9761892361111
176.2473292824074
175.24230902777776
174.1832175925926
174.75948206018518
178.44258969907406
182.61173900462964
183.32502025462964
183.00988425925925
182.8393113425926
182.45763310185183
180.59515046296295
179.80951099537037
179.64330150462962
179.0371440972222
178.50758391203703
178.69390625
179.98989872685186
180.1463425925926
179.84794560185185
178.77668113425926
177.94799479166667
176.39205150462962
175.80350983796296
175.82216724537037
176.92166087962963
181.11186342592592
183.15141493055555
183.3381336805556
183.6326273148148
183.39538194444444
182.50192997685184
181.97287326388889
181.08667824074075
180.4313310185185
178.93453993055556
178.43136574074074
178.0893315972222
178.69629918981482
178.99708622685185
179.06497974537038
178.85178819444445
177.62799479166668
175.9847482638889
174.52786747685184
174.20122685185186
174.66561631944444
177.03591724537037
181.55831886574077
183.3809085648148
183.2686574074074
183.54784722222223
183.3201273148148
181.9377430555556
181.4190422453704
180.7091203703704
180.02074363425925
179.16962094907407
178.45238425925925
178.1432986111111
178.14075520833333
178.92406539351853
179.16636574074073
179.52261863425926
178.51683738425925
177.58652777777775
176.02241608796297
176.45764756944445
176.14456886574075
176.65133680555556
180.55644097222225
183.43991898148147
183.86485532407409
183.3322222222222
182.9142390046296
182.23161168981483
181.74005497685187
181.16541087962963
180.3549797453704
179.98414641203703
179.4324826388889
179.36320891203704
179.81658564814813
180.3217505787037
180.60142650462964
179.0167361111111
177.5745428240741
176.11408564814815
174.8973292824074
174.48158854166667
175.03382523148147
177.6320775462963
181.8775578703704
183.7364525462963
183.61583622685183
182.1173292824074
181.7100028935185
181.9020833333333
181.3362615740741
180.36392650462963
179.30528645833334
178.87653645833333
178.8545486111111
178.83756944444443
179.54143229166667
180.51359375
180.11767939814814
178.89431423611111
177.66283564814816
175.33197627314814
174.51090856481483
174.62758969907406
176.1928472222222
180.64351273148148
183.61017650462964
183.4049681712963
182.98011574074076
182.64203125
182.30953125
182.00357060185183
181.7239149305556
181.11621527777777
180.1085474537037
179.86509837962964
179.02444444444444
178.0397685185185
177.75596354166666
178.1525144675926
178.7235011574074
178.48394675925925
177.81262731481482
176.88280092592592
175.61624131944444
174.99743344907407
174.44323206018518
174.2702662037037
176.7803240740741
182.03627604166667
183.37475694444444
183.7940075231481
183.60239583333333
182.65461805555557
182.09513310185184
182.36494502314812
181.79931712962963
180.71262152777777
179.91402488425925
178.7629282407407
178.17784143518517
178.51112847222225
178.6891435185185
179.25390046296295
179.14551793981482
178.57643807870372
177.15882523148147
176.9605931712963
176.22283275462962
174.0846701388889
174.95258969907408
177.98910590277777
182.15170717592596
183.05119212962964
182.7898900462963
182.71634259259255
182.16804108796296
181.39494502314813
180.7709519675926
179.39219328703703
178.8254832175926
177.98424479166667
177.9954079861111
178.393203125
178.8798263888889
178.79486400462963
177.8849074074074
176.46886284722223
175.3538425925926
174.7314380787037
174.8581712962963
176.5596383101852
180.89144097222223
183.19549189814813
183.15332465277777
182.1579832175926
181.66521122685185
181.40874131944443
180.71533854166665
179.9295023148148
179.17914351851852
178.83511284722223
179.05277199074075
178.5928559027778
178.97025752314815
178.9000289351852
178.02523148148148
177.25596354166666
175.7495167824074
175.25838831018518
175.22573784722223
176.3424363425926
180.3744994212963
184.40633969907407
184.68944444444443
183.3446440972222
182.82579282407409
182.89275752314813
182.38461516203705
181.86623842592596
180.9984114583333
180.3772482638889
180.0384837962963
179.5028587962963
179.8013744212963
179.79568576388888
179.3796875
179.5567650462963
178.32735243055555
176.60524594907406
175.74299189814815
175.65337962962963
176.85074652777777
179.2225028935185
183.10269965277777
183.6546267361111
183.29929976851847
183.84650173611112
183.1457146990741
183.09192708333333
182.4582320601852
181.64782696759255
181.05691550925928
181.2002980324074
181.54668113425927
180.19626157407407
180.37125578703703
179.898515625
178.61353009259258
176.90678819444443
175.61701967592592
175.30725983796296
175.43822337962962
177.95764756944445
181.9644762731481
184.48742766203705
184.46316840277777
183.74719907407408
183.3731712962963
183.45553240740745
182.8832320601852
182.0506828703704
181.31286747685184
180.266875
180.3451070601852
181.2864265046296
181.45091435185185
181.22455150462963
179.90782407407409
178.30783564814814
177.29021122685185
176.68911747685186
176.69171296296295
180.4834693287037
184.70028645833327
183.9811921296296
183.85366608796292
183.57596354166665
182.87060185185183
183.3716927083333
182.95256655092592
182.1560387731481
181.2375231481481
181.8464236111111
182.03116898148147
181.80359953703703
182.0240306712963
181.01191840277775
179.86695023148147
177.99047453703704
176.94743055555554
176.3545630787037
175.95511574074075
177.06081886574074
181.28140046296292
184.92912905092592
185.45642650462963
185.7185792824074
185.08296296296297
185.6291724537037
185.41558159722223
181.71687789351853
180.8668200231481
180.0543605324074
179.53014756944444
179.50255787037037
179.7867158564815
181.0192447916667
180.88874421296296
178.57389756944443
177.3944212962963
176.13680266203704
175.0933912037037
175.0475318287037
176.19469039351853
179.52155092592594
183.1075578703704
183.7750144675926
183.34501157407408
183.58462673611112
183.2726851851852
181.6412123842593
180.74657986111112
180.19535011574075
179.3154513888889
180.01780381944445
180.2359982638889
180.94447916666667
181.07320023148148
179.6040133101852
178.44411458333337
177.1688107638889
175.9643605324074
175.33631655092591
175.788359375
178.72747395833332
183.01566840277775
184.1377662037037
183.9066261574074
184.8719357638889
184.6226273148148
182.4087152777778
181.67093171296293
180.5257957175926
179.72859953703704
179.1653269675926
179.248203125
180.4302517361111
180.51627314814812
180.3137528935185
179.30391782407406
178.8396238425926
177.65036747685184
176.38098090277776
176.37351273148147
177.16314814814814
181.28513310185184
184.6079195601852
185.01328703703703
184.30486979166668
184.05030671296296
182.5930931712963
182.07737847222225
181.51169270833333
180.5135300925926
180.29335069444448
179.57880208333333
178.8346875
178.91144965277778
179.76900752314816
179.72058159722224
180.23164930555555
179.42393229166666
177.4081568287037
176.21565972222223
174.93822627314816
174.53849247685184
176.2940798611111
180.04237268518517
184.7388107638889
185.4281539351852
184.1672829861111
183.85328993055555
183.03703125
182.5359866898148
181.9765133101852
181.14402488425927
180.43975983796292
179.8841261574074
178.70366030092592
178.56662905092594
179.9843721064815
180.3902864583333
179.89995949074074
178.89660300925925
176.84195891203703
175.76315104166667
174.7442824074074
174.5769212962963
176.5106886574074
180.6756539351852
183.98986979166668
184.1642505787037
184.51063657407408
183.79128472222223
183.46088541666663
182.53532407407408
181.5863859953704
180.91177372685183
180.2022482638889
180.39138020833332
180.13171006944444
180.93519097222224
179.88396122685185
178.51356481481483
177.71372106481482
176.51149594907406
175.4999971064815
175.07960358796296
177.2993287037037
180.97097800925928
184.99314525462964
185.53596354166663
185.512421875
185.1188078703704
184.24437210648148
183.73616030092592
182.44516203703705
181.44373842592591
181.23796585648148
180.65766203703703
180.22595196759255
180.85930266203704
180.74267361111112
180.72393229166667
180.17399305555557
179.20656828703704
177.73541666666668
176.65804398148148
176.06594039351853
176.65982349537038
180.51125289351853
185.142109375
185.44450810185185
185.09972800925925
185.08389467592596
184.7549392361111
184.53657407407408
183.90131944444445
182.88191261574076
182.0750607638889
181.25835069444443
180.4868547453704
180.42126157407407
180.61280671296296
180.93955439814812
181.1212847222222
181.50187789351853
180.60431134259255
178.63933449074074
177.46947337962962
176.33995659722223
176.24718460648148
178.50418402777777
182.4623640046296
185.40927372685184
185.5770804398148
185.2972337962963
184.8712297453704
184.6997829861111
184.0170109953704
182.38749131944445
181.4795601851852
180.3369068287037
179.7193315972222
179.88293402777776
180.1919212962963
179.654375
179.98434606481482
179.5790017361111
178.53264467592592
177.77868923611112
176.91144965277778
177.12593460648148
177.99232349537036
181.41719039351847
185.1205497685185
186.1714380787037
185.8602980324074
185.9913368055556
185.7083883101852
185.00691550925927
184.4954542824074
182.7670023148148
181.8112644675926
180.39296875
179.88839409722223
179.39836516203704
179.5973263888889
179.48509837962962
179.75349537037036
179.54127893518518
178.53155671296295
178.07217592592593
176.75662037037037
176.76253472222223
177.0930150462963
180.27035011574077
184.9589930555556
186.38756944444444
186.3144618055556
185.461015625
184.95785590277777
185.0586342592593
184.79457465277775
184.19894097222223
183.4199537037037
182.7598003472222
182.13344039351853
180.8485127314815
180.43381655092597
180.13844618055555
180.2721412037037
180.50125
180.14428530092596
179.6662181712963
178.91566840277778
178.1367824074074
177.0499537037037
176.39256655092592
176.8215162037037
178.89561921296297
183.32696759259255
185.58800925925925
185.19147280092596
185.2567476851852
184.85239583333333
184.31479166666668
183.65988715277777
183.24180844907409
182.74584201388888
181.55761284722223
180.7107494212963
180.8462326388889
180.90429108796295
180.57383969907409
180.63148726851853
181.75881655092596
181.22100405092596
180.02234664351852
178.8748292824074
177.55584490740742
177.59441261574074
179.5823900462963
183.4474681712963
185.30407696759255
185.131484375
185.3805295138889
185.02155671296296
183.9091579861111
183.25746238425927
182.46058738425927
181.72063368055555
181.85261863425927
181.37892939814816
180.35676215277775
180.43815972222225
180.71383391203705
180.89174189814813
180.6552806712963
179.77493344907407
179.25080729166666
178.62781539351852
177.8359722222222
178.47055844907408
181.43571469907408
185.80109375
186.09116898148147
185.78311342592596
185.54139467592591
184.9016695601852
184.41483796296296
183.73499421296296
181.8566030092593
180.9615943287037
179.3487181712963
178.88097800925925
178.95163483796296
179.22353587962962
180.10133391203703
180.12127025462962
179.39875
178.26415219907406
178.13381944444444
177.284609375
177.79410011574075
178.67203414351852
180.79868344907408
184.8971383101852
186.22390046296297
185.7364814814815
184.37707465277776
183.7467795138889
183.34741898148147
182.7660474537037
181.68334490740745
180.88613136574077
181.1006886574074
180.9524681712963
180.68334490740745
181.1584953703704
181.97325810185183
181.38574652777777
180.17432291666665
179.24405381944445
178.21848090277777
177.8282783564815
178.56125
181.64444733796296
185.0780787037037
185.52493344907407
185.5270833333333
185.05325810185184
185.18494212962963
184.5187991898148
183.4861863425926
182.8105642361111
181.53874131944443
181.3401244212963
181.95456886574075
182.52278935185183
182.6514033564815
181.95424189814813
181.4001996527778
180.29959780092597
178.6132320601852
178.01289351851852
179.70905671296296
183.0583709490741
186.88129629629628
187.47100405092596
186.73726273148148
186.17476273148148
186.0966261574074
185.51952256944443
184.8605613425926
184.1523611111111
182.66261574074076
182.2171122685185
182.27176215277777
182.36484953703703
183.36373263888888
183.43022280092592
182.8202835648148
181.62280960648147
179.99291666666667
178.88292824074074
178.64076099537036
179.50385127314814
181.8484230324074
186.48302951388888
187.3296556712963
187.1487991898148
186.6953327546296
186.1374363425926
185.62792824074077
185.1553153935185
183.5911140046296
182.6586950231481
182.5377083333333
182.2614554398148
182.30721354166667
182.48180266203704
182.88977719907408
182.6597453703704
181.98267361111112
180.45592592592592
180.17630208333333
179.28905092592592
178.99883101851853
180.6967216435185
184.82622395833332
187.8476417824074
188.09472222222223
187.48942418981483
187.14459201388888
186.6248900462963
186.0098061342593
185.4229050925926
184.16037326388889
183.52634259259256
182.9238368055556
182.57897858796292
183.2930324074074
183.73119791666667
183.4021585648148
182.37238715277775
181.2847164351852
179.7320804398148
179.64335069444445
179.4146875
180.53011574074077
184.4886516203704
187.80444444444444
188.1467766203704
186.70355902777777
186.1291695601852
186.0310734953704
185.4048611111111
185.46407986111112
184.54698784722223
183.4492650462963
182.9784664351852
182.7185445601852
183.20824363425925
183.9052633101852
183.87027777777777
183.9393865740741
182.1793258101852
181.52089699074077
180.50991608796292
179.66856770833334
180.3037008101852
185.0683391203704
189.17951967592592
189.24057291666668
189.1963425925926
187.8347048611111
187.3309693287037
186.5625
185.9839872685185
185.70835648148147
184.91650173611112
183.67301793981483
183.02342881944443
182.1640653935185
182.08971064814816
183.37108217592592
184.07960648148148
184.58938657407407
183.9728616898148
181.6220804398148
180.2620891203704
179.61167534722222
178.92860243055554
179.87862268518518
183.5938773148148
187.0251996527778
187.45019097222223
187.83677372685185
187.1188368055556
187.3624508101852
186.73633969907408
186.6166203703704
186.1695804398148
184.7553761574074
184.0863368055556
183.81011574074077
183.0941695601852
183.0911400462963
183.5958304398148
183.6617853009259
183.69209780092592
183.2513570601852
181.5815625
181.25171296296296
180.511640625
179.5521412037037
179.9262962962963
183.18264756944444
187.42192708333332
188.6640769675926
188.51964409722223
186.41009837962963
185.68667534722223
185.7756336805556
185.09966145833332
184.8744733796296
184.24910011574076
182.90372685185184
182.3503125
183.23552372685185
183.6221585648148
184.11280671296296
184.26258680555557
183.7916840277778
182.6070833333333
180.5405758101852
179.43908564814814
179.98804976851852
180.63453993055555
184.71795138888888
189.2678761574074
190.3247858796296
190.64052372685185
189.82253761574077
189.14011574074075
187.24759259259255
186.0972511574074
185.90749421296297
185.2037123842593
183.39350694444445
182.44810185185185
182.68008391203705
182.85016782407408
181.9381712962963
182.1052835648148
181.9163107638889
180.87438657407407
180.93711805555557
180.94500578703705
180.9840162037037
182.27075810185184
184.7039699074074
189.45679398148147
191.5103587962963
191.6669415509259
190.9244068287037
191.15315104166663
189.78416666666664
187.12941261574076
186.18166666666667
185.55017361111112
185.39510127314816
184.97610532407407
186.1455295138889
186.62553530092592
187.65102141203704
187.0817274305556
184.9151417824074
183.6385185185185
183.69717013888888
183.10061631944444
183.2917216435185
186.41341145833331
187.9316203703704
188.81108796296297
187.6190364583333
187.9542766203704
187.8037471064815
186.1159780092593
179.1708420138889
97.32601851851852
36.05385416666667
10.59386574074074
3.322083333333333
0.8640509259259259
