229.21135127314815
187.6413078703704
189.2949623842593
189.44752604166663
189.2520804398148
188.99855034722225
189.1530815972222
188.8828211805556
188.5671238425926
188.39958043981483
188.4426273148148
188.1256828703704
188.38431134259255
188.1299016203704
188.10249421296297
187.95428819444444
187.96084780092596
188.1946267361111
188.08136574074075
187.84016203703703
187.52814525462964
187.43241898148148
187.3135387731481
187.28304108796297
186.62651909722223
188.76938078703705
189.2470833333333
188.79161747685183
188.46454282407407
188.20472222222224
187.9000144675926
187.63374421296297
187.83903356481483
187.76664930555555
186.8444878472222
186.48894386574077
186.4615017361111
186.3336168981481
186.66546875
186.59482060185184
186.5769039351852
186.35444733796297
186.5347945601852
186.5404224537037
186.32176215277775
186.22664351851853
186.39022569444444
186.9561516203704
189.77136284722224
190.11230613425928
189.73199074074077
189.7000752314815
188.1217332175926
187.9371556712963
188.0043981481481
187.9208333333333
187.61336226851853
187.2436284722222
187.54405671296297
187.2857118055556
187.01597222222225
186.89959490740745
187.1237528935185
187.0354195601852
187.95560185185184
187.8129427083333
187.5394618055556
187.69172453703703
186.70356481481485
186.4572048611111
186.93855034722225
188.7158101851852
189.24459490740745
188.81832175925925
188.7036516203704
188.5082118055556
188.3836863425926
187.92949074074076
188.7841261574074
188.99355613425925
187.64596354166667
187.48116319444443
186.8252488425926
186.59579571759255
186.6076649305556
186.50276909722223
186.7197453703704
186.65722800925928
187.29519965277777
187.44891203703705
185.7340885416667
185.5337818287037
186.3113917824074
185.8281423611111
185.76059027777777
186.7328703703704
188.54142939814813
188.47583333333333
189.05360243055557
188.71896701388889
188.86054108796296
188.8054976851852
187.80535300925925
187.74014467592596
186.86795138888888
186.61467881944444
187.24193576388888
187.18575520833332
186.8123234953704
186.57477719907408
187.38415219907407
187.3109403935185
186.6496556712963
186.50038483796297
186.219609375
186.09768229166667
186.8013859953704
187.74999421296295
189.81
189.90971064814812
187.97960648148148
187.8893836805556
187.49069155092596
187.3460966435185
187.07095486111112
186.64301215277777
187.06958333333333
186.97392939814816
186.4458796296296
186.425546875
186.46078125
186.5619241898148
186.0724855324074
185.77061921296297
186.5162962962963
186.5803587962963
186.24397280092592
185.92850694444445
187.1604542824074
188.48375578703704
188.70129340277776
188.28953414351847
188.14508391203705
188.1137818287037
187.75053530092592
187.5700896990741
188.64199363425925
188.68682291666667
187.5509866898148
187.58111400462963
186.8932465277778
186.87007523148148
187.28697627314816
187.19061921296296
186.7273524305556
186.4657320601852
186.83194733796296
186.97672453703703
186.6635445601852
188.00065104166663
189.2518258101852
188.9307638888889
188.39040798611111
188.09574074074075
188.1331481481481
188.22199652777775
187.7044155092593
187.59696469907408
187.28605324074076
186.98609085648147
186.54710358796297
186.5779050925926
186.7464207175926
186.7113078703704
186.78270833333332
186.86371527777777
186.71281828703704
186.76646122685185
186.6793171296296
187.53861400462964
188.9991811342593
188.91986111111112
189.04589409722223
188.6862152777778
188.33004050925925
188.06261574074077
187.85592592592596
187.73964409722225
187.81684317129628
187.37313946759255
187.3414091435185
187.37869212962963
187.15342881944449
186.87595775462964
187.33382233796297
187.68493055555555
186.3564872685185
186.4588744212963
186.4964380787037
186.5732841435185
185.9015856481481
185.62515625
187.60873263888888
189.66076967592596
189.9540364583333
189.68767939814813
189.1457667824074
188.9016377314815
188.46951967592597
188.09429108796297
187.7554832175926
187.4659172453704
187.4017650462963
187.25105613425927
187.027265625
186.98303240740745
186.86864872685183
186.54589409722223
186.61291666666668
186.56898148148147
186.8293402777778
186.7874710648148
186.68569733796292
186.4474392361111
186.6874537037037
186.84752025462964
186.6362297453704
186.15310763888888
186.58390335648147
189.51234085648147
190.00828414351847
189.92357060185185
189.6389641203704
189.4274710648148
189.18601273148147
188.8198003472222
188.76772280092592
188.51482060185185
188.4926851851852
188.2790364583333
188.0117216435185
187.86357060185185
187.27976851851847
186.9377835648148
186.84180266203705
186.64695023148147
187.2603211805556
186.9943547453704
188.0827633101852
188.17612847222225
186.96392650462963
186.57788194444444
186.7045775462963
186.7223755787037
186.59627314814816
186.59800636574076
186.6759577546296
187.00381365740745
187.3652633101852
189.5071672453704
190.0379832175926
189.6591869212963
189.6278443287037
189.7609490740741
189.26223958333333
188.91105902777775
189.2539149305556
189.00324074074075
189.1001967592593
188.99905381944444
187.5695920138889
187.3245341435185
187.81558159722223
187.58228298611112
188.34947627314816
188.4884519675926
187.7480005787037
187.6193605324074
187.08392650462963
187.09811053240745
186.84102141203704
186.50535300925927
187.33160300925925
190.2519241898148
190.89555555555555
190.55591435185184
190.1047974537037
189.433515625
189.0401707175926
188.8961082175926
188.8826649305556
188.9189872685185
187.5770486111111
187.36643229166663
187.5146846064815
187.25804108796297
186.9758101851852
187.09300636574076
187.2697048611111
186.9735763888889
187.0457494212963
187.10140625
187.0164525462963
187.14567997685185
186.6616724537037
186.81686342592596
190.23364872685184
191.63054398148148
191.45997685185185
191.0623524305556
190.39886574074075
190.0834056712963
189.28459780092592
189.13710358796297
189.19093460648148
188.76804108796296
188.9980324074074
188.4518605324074
188.4566550925926
188.1908564814815
187.96223958333331
187.7709693287037
187.69377314814813
187.8978443287037
186.5388773148148
186.47728877314816
186.32602141203705
186.00631076388888
186.3171556712963
187.0018142361111
186.72515046296297
186.2324623842593
187.30157407407407
191.0789872685185
192.20780092592597
191.9797366898148
191.55686631944445
191.37269675925927
191.04837962962964
190.91280671296295
190.4929369212963
189.9275491898148
190.04488425925925
189.9347974537037
189.5222222222222
189.0302835648148
189.6411082175926
189.2064988425926
188.67649016203703
188.3934664351852
187.7744328703704
187.5268836805556
187.06615451388888
187.0175578703704
186.63374421296297
186.5634664351852
186.69502025462964
186.7904484953704
186.8881597222222
186.9185185185185
188.09223090277777
191.36116608796297
192.25341145833332
191.93065104166664
191.37671585648147
191.15372395833333
190.2893460648148
190.23155381944449
189.94690972222224
189.56826678240745
189.85334780092592
189.44408564814816
189.1081712962963
188.1638512731481
188.2679774305556
187.95313078703705
187.45155960648148
187.6577662037037
187.33512731481483
187.04844907407409
187.67831886574075
187.65162905092592
187.79619791666667
187.6047858796296
188.6054658564815
192.0382436342593
192.50788194444445
192.0268258101852
192.22455150462963
192.08142650462963
191.09269675925927
190.7086458333333
191.0546412037037
190.69111689814812
190.2569560185185
190.22063078703704
189.0588802083333
188.64020833333333
188.94775173611112
188.30296296296297
188.93750578703705
188.90798611111111
187.02903067129628
187.06396122685183
187.17938946759256
187.2660243055556
187.4606134259259
187.46671585648147
188.0445167824074
187.4130324074074
188.58798321759255
192.71477430555555
193.5807841435185
193.42645833333333
192.5470804398148
192.39709780092596
191.9881105324074
191.8985792824074
191.44292534722223
191.4140306712963
191.54324074074077
191.14472511574075
191.2373466435185
190.69247395833327
190.2137644675926
190.15052372685184
189.36292824074076
189.13102141203703
188.56979166666667
188.42066261574075
187.48517939814812
187.1878443287037
186.68939236111112
185.9700462962963
186.6635734953704
186.65352430555555
186.67467592592592
186.43704571759255
185.9768055555556
186.1491550925926
186.03967303240745
185.82751157407407
185.963359375
186.95183159722225
190.85234085648148
191.4877054398148
191.17436631944443
191.07235532407407
190.67090277777777
190.2360011574074
189.9133738425926
189.47890625
188.60853587962964
188.39889467592596
188.38273726851853
188.28402199074077
187.9515364583333
187.85703993055557
187.76612847222225
187.51196469907407
187.30514756944444
186.87206886574077
186.9510734953704
186.8489380787037
186.7118431712963
186.6100491898148
186.00135127314812
186.05672743055555
186.89142939814812
186.16978587962964
186.2275289351852
187.61107638888888
191.5997974537037
192.11130208333333
191.14855613425925
190.76858796296293
190.85897858796292
190.6259172453704
190.06363715277777
189.6063310185185
190.22743344907408
190.0427083333333
189.12622395833333
189.09859375
187.5380787037037
187.36570023148147
187.2487037037037
187.19102141203703
187.25967013888888
187.39388020833331
186.65209201388888
186.29878472222225
186.3238454861111
186.33610243055557
186.53884837962963
186.5090798611111
186.41614583333333
186.51413773148147
190.31738136574077
192.4205613425926
191.84483506944449
191.58200810185184
191.68438078703704
191.7282523148148
191.2113599537037
190.9333391203704
190.3130005787037
189.90652488425928
189.8886574074074
189.33177372685185
188.86548900462964
188.56759548611112
188.4482638888889
188.30113715277776
187.55478298611112
187.1453877314815
187.2009403935185
186.91225694444444
186.7016203703704
186.44792824074077
187.2100810185185
187.0067476851852
186.8957465277778
186.7049797453704
186.20575810185184
186.29644965277777
186.94931134259255
186.8669965277778
187.2278153935185
188.9254079861111
191.56755497685185
191.8352517361111
190.96469907407408
190.4151273148148
190.6278645833333
190.34915219907407
189.80780381944444
189.5277199074074
189.17589988425925
188.746640625
188.90600115740745
188.44675925925927
188.97131365740745
188.97902488425925
188.2613888888889
188.38782407407408
187.50115451388888
187.34322627314816
187.1317390046296
187.25541377314812
187.0201359953704
186.7772974537037
187.11183449074076
187.9460011574074
190.46633969907407
191.02845775462964
190.5681568287037
190.1493576388889
190.3105150462963
190.0181770833333
189.2481047453704
188.8824247685185
189.4674334490741
189.3168055555556
189.01838252314812
188.97267939814816
188.34371238425925
188.3218258101852
187.7469704861111
187.23456886574075
187.4568084490741
187.51824363425925
187.46480034722225
187.3959403935185
187.58350405092597
188.07157407407408
187.6219502314815
187.5492476851852
187.48950520833333
189.55899594907407
192.2582320601852
192.0970920138889
192.3538917824074
192.15898726851853
192.21811921296296
192.0630758101852
191.3778443287037
191.2607349537037
190.2545457175926
189.9483738425926
189.8880324074074
189.59106770833333
189.46435763888888
188.99144097222225
189.54209780092592
189.415
188.7885243055556
188.5637702546296
188.13577546296293
187.9098148148148
188.0778645833333
187.97444733796297
188.06872685185184
187.92039351851847
187.91089699074075
188.0613570601852
187.29704282407408
187.60381944444444
187.67303819444444
187.5297800925926
188.97605902777775
191.8097453703704
192.570703125
192.27858796296297
191.8948292824074
191.97102430555557
190.50133391203704
190.38975405092592
190.3426591435185
190.06931134259256
190.3574623842593
190.3326851851852
189.1161111111111
189.0404513888889
188.99582465277777
188.38370949074076
188.69782407407408
188.5766984953704
187.8243431712963
187.77839699074076
187.63234664351853
187.7692708333333
187.59084490740744
187.43533275462963
189.79749421296296
191.61941840277777
191.7826215277778
191.66971354166665
190.828125
190.58777199074075
190.24285011574077
189.80418402777775
189.66699074074077
189.5231134259259
189.59271122685183
189.23251446759255
189.24812210648147
189.05734375
189.0212991898148
188.64210648148148
188.95600983796297
189.09585358796292
189.08666666666667
188.8670457175926
188.8596672453704
188.69835358796297
188.73251157407407
188.76736111111111
188.597734375
190.4723842592593
193.2947309027778
193.44209780092592
193.7514699074074
193.66181134259256
193.0199623842593
192.80450810185187
192.20610243055555
191.94894097222223
191.47023726851853
191.18958622685184
190.9138512731481
190.61697048611111
190.7559230324074
190.35983796296296
190.16291087962964
189.79923032407407
190.21954571759255
190.2224913194445
189.55671296296296
189.86865451388888
189.48934027777776
189.15303819444443
187.98890335648147
188.10359953703704
188.0245023148148
188.3366377314815
189.16679398148148
190.50569155092592
194.15600983796296
194.7317679398148
193.5181105324074
193.37634548611112
193.5704224537037
193.43747685185184
193.00040219907407
192.95843171296295
192.15107060185184
191.8999074074074
191.442109375
191.22383391203704
190.5922771990741
190.51906828703704
189.7895630787037
189.6007552083333
190.04766782407407
189.63842013888888
189.79886574074075
189.2502864583333
189.2173148148148
188.83869791666663
189.64210069444445
192.81172743055555
194.0394328703704
194.0642216435185
194.26433159722225
193.9398582175926
193.313828125
193.16333333333333
192.6415335648148
192.27028935185183
192.14274305555557
191.87871238425927
191.5576359953704
190.93788194444448
190.7777372685185
190.6512644675926
191.56105034722225
191.16358506944445
189.291875
188.47511863425925
188.1273842592593
188.03547743055557
188.71927083333333
188.8692505787037
191.02986689814816
194.4117361111111
194.5367361111111
194.52080439814816
195.0580613425926
194.8262355324074
193.72040509259256
193.9471614583333
193.61675925925925
193.22628761574077
193.7807349537037
193.7523234953704
192.6986863425926
192.2523177083333
192.4620457175926
191.91026041666663
191.99870659722225
192.13100983796292
191.00039641203705
191.3453356481481
190.41791666666663
189.3219068287037
188.79457465277775
188.51192997685183
188.64837673611112
188.7452141203704
189.46291666666667
192.9065653935185
194.0778211805556
193.83939525462964
193.7345457175926
193.5024855324074
193.1772077546296
193.45282407407407
193.66845486111112
193.87692708333333
193.49545717592596
193.3251244212963
192.7251215277778
192.4742013888889
192.31469039351853
192.05798032407407
191.7161082175926
191.68858506944449
191.58578703703705
190.4375636574074
189.46194155092596
188.7327864583333
189.4175462962963
188.63810185185184
188.8265364583333
190.38571469907407
193.16847511574076
193.97661458333332
194.06197916666667
193.72951967592596
193.7394820601852
194.09321469907408
193.18154513888888
193.29025173611112
193.50298900462963
193.1801996527778
192.92001157407407
192.36695891203703
191.45787905092592
191.24172164351853
191.04026041666663
191.0720949074074
190.42341435185185
189.54306134259255
189.1402835648148
188.83831886574075
188.54133391203703
189.03362847222223
189.53364293981485
192.9308825231481
195.7088136574074
195.63209780092592
194.24627314814813
194.90579282407407
193.2312355324074
193.32627604166663
193.74133969907408
193.69168402777777
193.72677951388889
193.65288194444443
193.24621238425925
193.01160011574075
192.47906828703705
192.05335358796296
191.8691059027778
191.72107060185184
191.88736979166663
191.99085358796296
191.3142650462963
189.84894386574075
189.2227025462963
188.96789641203705
188.19064236111112
187.9599508101852
189.96323784722225
192.8439930555556
193.48729166666664
193.75791087962963
194.3641087962963
194.31503761574075
193.86711516203704
193.78842013888888
193.0605150462963
192.92129050925925
193.10910590277777
193.45156828703705
193.8104195601852
193.62208622685185
193.47086805555557
193.22675636574075
192.90421585648147
192.55193576388888
192.26962673611112
192.08661458333333
192.1947309027778
192.2919618055556
191.4593605324074
190.38072337962964
189.3173466435185
188.9128298611111
188.8681278935185
188.25610532407407
190.58885416666664
193.58405671296296
193.54306134259255
193.41888310185183
193.3712297453704
193.5004976851852
193.20092881944444
193.2141203703704
193.14500289351847
192.8797829861111
193.2558101851852
193.35811342592592
192.8116435185185
192.8767824074074
192.95952546296297
192.7842418981481
192.8660908564815
192.80791666666667
191.96877604166667
191.6181568287037
191.67512152777775
191.83609953703703
191.25035011574076
190.3686574074074
189.90477141203704
189.34624421296297
188.99608796296295
188.5303935185185
188.99238425925927
191.87209490740744
193.59453703703704
193.9476707175926
194.0618055555556
194.4452835648148
194.27874421296295
194.2600491898148
193.97925636574075
193.54506944444444
193.30564814814812
193.49015046296296
193.00665219907407
192.74499421296292
192.7617332175926
192.38829282407409
192.35569155092597
192.00648148148147
192.02927083333333
192.1400752314815
191.5399189814815
191.6659375
190.893359375
189.9348119212963
189.15740740740745
189.0591232638889
188.97836516203705
189.06846354166663
191.6615306712963
192.73810185185187
192.6723582175926
192.95921296296297
192.51669270833327
192.53609085648148
193.4990914351852
193.3185185185185
193.74204282407408
193.66416666666663
192.12453703703704
191.95292534722225
191.86809027777775
191.1457494212963
190.6582349537037
190.75514756944443
190.70541666666668
190.0134953703704
190.45880497685187
190.4897164351852
190.42980324074077
190.84634548611112
192.67985532407408
194.7244820601852
195.64418113425927
196.1643952546296
194.2940422453704
194.14703125
193.6979861111111
193.4223234953704
193.03701678240745
192.63152488425925
192.65716435185183
192.40451967592597
192.5440769675926
192.36281539351853
191.9149565972222
191.7073263888889
191.75670717592592
191.36353009259255
191.3515277777778
191.20724247685183
191.92555266203703
191.20743344907407
190.46989293981483
190.10067997685184
189.4114409722222
189.1263859953704
189.75484375
190.7062962962963
193.1317766203704
194.4874247685185
193.95803819444444
193.9872743055556
193.75230034722225
193.77839988425927
193.4593113425926
193.1180815972222
192.88771990740744
192.73776041666667
192.3336429398148
191.9022800925926
192.23031828703705
192.03258680555555
192.00846354166663
191.6386863425926
192.10715567129628
191.73391782407407
191.8522974537037
192.03982638888888
191.05235243055557
190.93852430555555
191.3943084490741
191.36762442129628
190.8954861111111
190.77536458333333
190.56647569444445
190.640546875
191.66150462962963
193.27665219907408
193.65655381944444
193.51266203703705
192.29110243055555
192.13883680555557
192.2500636574074
192.31987847222223
192.51747685185185
191.9855758101852
192.6625028935185
192.48352719907408
192.08644675925925
192.2470775462963
190.40695891203703
190.38234664351853
190.2789351851852
190.1175318287037
190.71626157407408
190.44040219907407
189.53311631944445
189.60569444444445
189.7413686342593
189.62988425925928
190.66033564814813
192.7978935185185
192.7356741898148
192.4156568287037
192.48656539351853
192.1147164351852
192.58077546296295
192.75110532407408
191.87736689814813
191.71385416666664
192.22860821759255
191.95769386574077
191.9710734953704
191.9948726851852
190.6275144675926
190.51392650462964
190.8807118055556
190.9115625
190.75290219907407
190.4932957175926
190.4559837962963
190.35059027777777
189.80882523148148
189.71927083333333
191.18242766203704
193.1487471064815
192.611875
192.17782986111112
192.30732060185184
192.18346064814816
192.2343952546296
192.35940104166667
192.65680266203705
192.30325810185184
192.0483101851852
191.7260185185185
190.6915451388889
190.61174189814813
191.27111979166668
191.1587962962963
190.59295138888888
189.8777025462963
190.4314525462963
190.5436747685185
190.4814091435185
191.91774016203703
193.4510243055556
193.335546875
192.9780555555556
192.49327835648148
192.6708159722222
192.5223292824074
192.68491608796296
192.23939814814813
192.28991608796292
192.18047453703704
192.5849971064815
192.5724189814815
192.40369502314812
192.08121817129629
190.59706597222225
190.39785011574077
189.6388107638889
190.01871817129629
190.4806712962963
192.2536226851852
193.8754079861111
193.8973263888889
193.08267650462963
193.01973090277775
192.6808391203704
192.3541203703704
192.3635966435185
191.9755642361111
191.93278356481483
191.42704282407408
191.74650462962964
192.0198292824074
191.431875
191.32751446759255
190.74162905092592
189.82499710648148
190.10328993055555
190.1404861111111
189.2804976851852
189.80513310185185
192.80039641203703
193.4793981481481
193.13617766203703
193.10975694444448
193.54783564814812
193.51472800925927
194.32608796296296
194.26545717592592
192.84239293981483
192.68526909722223
191.6185763888889
191.49342592592592
191.78141203703703
191.6831105324074
191.5813773148148
190.59376157407408
189.6642013888889
188.75300347222225
189.1993287037037
188.9052922453704
188.499921875
190.7078935185185
193.0146701388889
192.87749421296297
193.1113310185185
192.47966435185185
193.0704224537037
193.69975405092592
194.43375578703703
194.091328125
194.9555758101852
195.19396701388888
192.24574652777775
191.86734375
192.0846701388889
191.50063078703704
190.89116030092592
190.694453125
190.7889583333333
190.63788773148147
191.51671875
190.58002025462963
189.82262152777776
189.5961111111111
188.6252864583333
188.52173611111112
189.32453125
192.1356828703704
193.0806278935185
193.2769675925926
193.34634548611112
193.0663078703704
193.0712673611111
193.4708738425926
193.20757523148148
193.5000202546296
193.73658275462964
193.24216145833333
194.2568142361111
194.4614351851852
192.16638310185184
192.15527777777777
191.5064236111111
191.32563078703703
191.31527488425925
191.49155381944445
190.89476273148148
190.2419849537037
189.82611400462963
189.84234953703705
189.84124131944444
190.1879195601852
190.0608130787037
192.4798726851852
194.2251359953704
193.90847222222223
193.60778935185184
193.88271122685185
193.90420428240745
193.89039641203703
193.55626157407409
193.46799479166663
192.74491898148148
192.55510416666667
192.7731655092593
192.7587991898148
191.77515625
191.75833333333333
191.40814525462963
190.4687528935185
190.43188946759255
189.81602141203703
189.5381221064815
189.3948119212963
189.2276417824074
189.43883101851853
192.70589988425925
194.26066840277775
194.38825810185185
194.5502835648148
193.4923929398148
193.66866608796295
194.10131944444444
194.10144386574075
194.2697743055556
194.22067708333333
194.07480324074075
194.1989872685185
192.926171875
192.69470486111112
192.6897193287037
192.40936053240745
192.171328125
192.0664149305556
192.0522511574074
192.24939236111112
191.4323524305556
190.51660300925928
189.80973668981483
189.5114959490741
189.995859375
189.4996961805556
189.74229166666663
193.29751736111112
193.53295717592596
193.7362818287037
193.92125868055555
193.57463252314813
193.7359982638889
194.14061342592592
193.54612847222225
193.6268489583333
193.50421006944444
193.6781076388889
193.18550347222225
192.9610474537037
192.94116319444444
192.7800202546296
192.22337094907408
192.13947337962964
192.03118923611112
192.09144675925927
191.68873842592592
190.43807002314816
189.51750289351853
189.3730931712963
189.36727719907407
188.8207118055556
189.3990046296296
192.0778530092593
193.096484375
193.6063483796296
194.10981481481485
194.12991319444444
194.6712934027778
194.8462528935185
193.6856105324074
193.56389756944444
192.81859375
192.61514467592596
192.47204571759255
192.14875
192.47746238425927
192.4398524305556
191.5904195601852
191.37985821759256
190.9203645833333
190.8715248842593
191.1894386574074
191.10015046296297
191.88438368055557
190.48603877314812
190.18507523148148
190.18688946759255
189.1679021990741
188.93540219907408
189.38261284722225
192.4697887731481
194.05054108796296
194.4746585648148
194.4889699074074
194.52208622685183
194.41210358796295
194.4607986111111
192.77570891203703
192.75472222222223
192.96838541666668
192.7491087962963
192.94469907407407
192.72966435185185
192.63484375
192.4845023148148
191.99921585648147
191.872734375
191.7251967592593
191.6944704861111
191.8312297453704
190.70286747685185
190.101484375
189.06116608796296
189.1023234953704
188.9402199074074
188.83350405092597
189.7572337962963
192.85894965277777
193.004296875
193.87086516203703
193.9759809027778
194.20388020833332
194.3069762731481
193.99156828703704
193.8376302083333
193.0523234953704
192.83096354166668
192.82573784722223
192.79560185185184
191.90064814814812
191.828359375
191.63788483796296
191.62626157407408
191.1428761574074
191.01386574074075
190.51942418981483
190.38079861111112
190.4856221064815
190.5030613425926
189.6303993055556
190.66366319444444
193.16428530092597
193.67480902777777
193.5506655092593
193.31800636574076
192.96625
193.15152777777777
192.8585677083333
192.86147280092592
192.78160011574076
192.9883217592593
192.9121238425926
192.74459780092596
192.65135127314812
192.50194733796295
191.72501157407407
191.27019386574077
190.3600578703704
189.3387818287037
189.26577546296292
188.59315972222225
188.3931047453704
188.72988425925925
191.5589554398148
193.4352372685185
193.83689525462964
193.94913483796296
193.56638310185184
193.14765335648147
193.00342881944445
193.29899016203703
192.99530092592596
193.11090277777777
193.1604716435185
192.96528935185185
192.66706597222225
192.3659201388889
192.19040509259256
191.88366319444444
192.19519097222224
192.0608622685185
192.19247685185184
192.2793258101852
191.5745341435185
190.9573263888889
190.592265625
190.35719618055555
189.8229224537037
189.73324652777777
190.40799479166665
192.77732060185184
192.9583130787037
193.3536574074074
193.8775
194.03172743055555
194.1876359953704
193.9599537037037
193.91186342592596
193.7729484953704
192.30263888888888
192.23928819444444
192.65135416666664
192.63016203703705
192.7532494212963
192.70856770833333
192.3834982638889
192.45724826388889
192.49444155092596
192.50291087962964
192.4181423611111
191.53013310185185
190.6686082175926
189.4901707175926
188.89618344907407
189.31461516203703
188.98374131944445
189.1869704861111
189.75777488425925
192.3505642361111
193.9100173611111
193.6882204861111
193.3863310185185
193.5692042824074
193.1396990740741
193.2002459490741
193.6488107638889
193.16216145833332
193.62816261574076
193.6624074074074
192.76327256944444
192.6952662037037
192.3652025462963
192.18775462962964
192.20095775462963
191.963671875
191.8608912037037
191.7088368055556
191.76149016203703
192.0107118055556
191.05208333333331
190.21528935185185
189.83185185185187
189.63374421296297
189.7203732638889
190.11155381944445
189.66202835648147
190.93850694444444
193.38345775462963
193.87816261574076
193.3339670138889
193.4790480324074
193.4573119212963
193.49986979166667
193.3142505787037
193.0074681712963
193.02061921296297
192.81609085648148
192.47405671296295
192.34009259259255
192.1739872685185
191.95165798611112
192.30051215277777
192.0809866898148
191.38256076388888
191.28706886574076
191.82484664351853
191.9676707175926
190.95008391203703
190.1813078703704
190.1361545138889
190.00878761574077
189.8836429398148
189.7867824074074
191.6479195601852
193.80303819444444
193.14234375
193.1998234953704
193.35938078703705
193.41432002314812
193.3180873842593
193.33572048611111
193.3988859953704
193.18875578703705
192.95663194444444
192.79885127314816
192.7072743055556
192.68232060185184
192.46725115740745
192.53015046296292
191.5752980324074
191.4368460648148
191.72439525462963
190.70757233796297
189.40541666666667
188.7311805555556
189.17296875
189.08064814814816
188.5593287037037
190.60552951388888
193.2316203703704
192.96013888888888
193.45251157407407
193.5271556712963
193.8130787037037
194.10264756944449
193.5782523148148
193.17973090277775
193.23738136574076
193.48500289351853
192.58138888888888
192.31569155092592
192.8573871527778
192.63091435185183
192.08803530092592
191.8703935185185
192.07965277777777
191.8669010416667
192.04158564814816
191.9211545138889
192.93957465277776
192.34265625
190.55922453703704
189.4928443287037
188.3216869212963
188.552734375
188.4229542824074
188.6774305555556
191.07499131944445
193.63651909722225
194.6212355324074
194.7653645833333
193.33475983796296
193.3784461805556
193.18800636574076
193.0484201388889
192.79081886574076
192.41922453703705
192.35021990740745
192.21734085648148
192.1184375
191.91015625
192.2868142361111
192.1456655092593
192.47876446759255
192.18758391203704
192.9838483796296
192.9687471064815
192.95688657407408
193.00063368055555
193.10149305555555
192.75513310185184
189.9218287037037
189.31703703703704
190.0744994212963
190.1086892361111
189.46329282407407
190.9256828703704
192.96913773148148
193.0957002314815
192.71682291666667
193.09491319444444
193.33478298611112
193.5755931712963
194.1815740740741
193.9483622685185
193.8559172453704
194.01772280092592
192.74619791666663
192.7166059027778
192.91751446759255
192.5986024305556
192.6992361111111
192.62972511574077
191.60327835648147
191.6168200231481
191.85287905092596
191.82892650462964
191.8512210648148
190.63500289351853
189.93958622685184
189.5856510416667
188.8793287037037
188.6955960648148
189.37541087962964
192.3886863425926
192.809296875
192.8984664351852
193.1713136574074
193.48825520833333
193.9672974537037
193.95167534722225
193.84416666666667
193.7623582175926
193.07744791666667
192.6551244212963
192.51837673611112
192.63396990740745
192.93956886574077
192.6346122685185
193.2347974537037
193.5317650462963
191.80450520833327
192.13835358796297
190.1280989583333
188.96899884259255
188.68852430555555
188.5923263888889
188.0703327546296
187.98067997685183
191.00989583333333
193.50115451388888
193.34033854166665
193.2456828703704
193.0737355324074
193.09080439814812
193.9717795138889
193.8642071759259
194.07331886574076
193.9753269675926
193.00483506944445
193.0294704861111
193.5544994212963
193.76803819444444
193.90709780092592
194.2223726851852
193.55022280092592
193.5440306712963
192.77961516203703
192.4886400462963
192.28583333333333
192.19269965277775
191.71397280092592
191.6313570601852
191.70819733796296
191.87386284722223
191.3004108796296
190.1163107638889
189.74046296296297
189.48399016203703
189.3899623842593
189.1346180555556
189.3551591435185
192.48166087962963
193.20506944444443
193.37771701388888
193.29777488425927
192.81309027777775
193.48177372685183
193.00177372685187
193.5303732638889
193.7079571759259
193.91031828703703
193.73140335648148
193.6366869212963
193.5944241898148
192.6892303240741
192.35680266203704
192.75086516203703
192.5239496527778
192.17039641203704
192.1924797453704
192.48127025462964
192.14140914351853
191.40100694444445
190.67763888888888
189.4898292824074
189.2816145833333
189.2940625
189.29042534722225
191.43746238425925
193.4918576388889
194.0380642361111
193.95864872685183
193.7022106481481
193.8365133101852
193.73911458333333
193.5009056712963
193.15586516203703
193.20237847222225
192.26522858796292
192.14436921296297
192.5438107638889
192.16532407407408
191.7466869212963
191.59901909722225
191.9778414351852
191.3416232638889
190.7901388888889
190.4323263888889
189.45202546296292
189.3222337962963
189.90574074074075
189.8515162037037
190.7049016203704
194.58469907407408
193.77318576388888
193.60468171296296
193.92102141203705
193.6219675925926
193.53477430555557
193.3227662037037
192.93766493055557
192.6142361111111
192.7517332175926
192.8320891203704
193.14896122685184
193.2056076388889
193.58031539351853
193.42839409722225
193.1713570601852
193.09501157407408
192.07948784722225
191.96471064814816
191.4259577546296
191.74386284722223
191.4293460648148
190.49944155092592
189.5909085648148
189.34708333333333
189.31550925925927
189.15958333333333
189.3017476851852
191.9568894675926
194.02140046296296
194.49144675925925
194.14584201388888
194.3776215277778
194.39610243055557
194.54052083333332
194.56352141203703
194.348984375
193.6287905092593
193.69808449074077
193.54500578703704
193.2343547453704
193.20807291666668
192.94249710648148
192.2011226851852
191.97947916666664
192.01188657407408
192.4223234953704
191.39395833333333
190.4496412037037
189.85258680555555
189.1138686342593
189.00769386574075
188.76303530092596
189.40641782407408
190.56393229166667
193.73392650462964
194.4278616898148
194.1246296296296
193.8973929398148
193.9277372685185
193.615078125
193.6906828703704
193.98492766203705
193.82424189814816
193.29493344907408
193.93743055555555
193.91518229166667
192.11760416666667
191.90100694444445
191.3975578703704
191.4031828703704
191.9221383101852
191.15045138888888
190.7417274305556
189.8629542824074
189.0878240740741
188.87802083333327
188.5087239583333
189.2946180555556
193.18575520833332
194.10543113425925
193.5823553240741
194.0465422453704
193.90508391203704
193.90120659722223
194.18500578703703
193.9469849537037
193.7334664351852
193.9170601851852
193.70197048611112
193.75538483796296
194.10340856481483
194.10595775462963
194.14558159722225
194.0224710648148
192.99585358796296
192.75908854166667
191.953515625
191.7901851851852
191.01908275462964
191.28938078703703
190.97544270833333
190.1790480324074
189.2684722222222
188.7011516203704
189.2816203703704
188.82697916666663
189.7389699074074
190.9980266203704
193.8265075231481
194.46672453703704
193.75134837962963
193.8959866898148
193.88217881944445
193.98710648148148
193.9454716435185
193.77832465277777
193.67338541666663
193.8472627314815
194.3048234953704
194.01736111111111
194.55339988425925
194.72052083333327
193.94511863425927
193.70327256944444
193.61912905092592
193.66596064814811
192.7916898148148
192.48851273148148
192.3895341435185
192.246796875
192.53258101851853
192.0898466435185
191.06240740740745
190.08942997685185
189.49014756944445
188.91734953703704
189.5203616898148
189.6608912037037
189.50398726851853
192.6278761574074
193.81570891203705
194.11951967592591
194.27047453703705
193.95888310185185
194.31499131944443
193.80674189814812
193.81268229166668
194.26108217592596
194.13625
193.85040509259255
193.83531539351853
193.59035300925925
192.8857204861111
192.42520833333333
192.37505497685183
192.4508680555556
192.4831828703704
191.6999016203704
190.33085358796296
189.81520833333332
189.07686921296295
188.7292534722222
189.1434201388889
189.85290219907407
192.99752604166667
194.00043692129628
193.7418605324074
193.84730902777775
193.5210011574074
193.3362008101852
193.46135127314813
193.11280960648148
193.34238136574075
193.27410300925925
193.463828125
193.3168142361111
193.30798900462963
193.27671875
193.78886574074076
193.40434895833332
193.9877488425926
194.07795717592592
192.3933883101852
193.1335358796296
191.2585127314815
190.45308159722225
190.01979166666663
189.31009259259255
189.6555121527778
189.6096614583333
189.7692274305556
191.49847222222223
193.5369675925926
193.70602719907407
192.8519328703704
193.07133391203703
193.9948119212963
194.0103414351852
194.42236400462963
194.76952546296295
193.63456886574076
193.42302951388888
193.25045428240745
193.2262008101852
193.1149739583333
193.1455179398148
193.2853298611111
192.98487847222225
192.93569155092592
192.8582783564815
192.3131712962963
192.05992476851853
192.31345196759256
192.80552083333333
191.40697627314816
190.9193576388889
190.42707465277775
189.72556712962964
189.62030960648147
189.5791724537037
190.33831597222223
190.6732783564815
193.7586863425926
195.55423321759255
194.0882494212963
193.73197916666663
193.6476186342593
193.37514467592592
193.1673726851852
192.98380497685184
193.14244212962964
193.28072627314816
193.4865046296296
193.4572945601852
193.2316724537037
192.85186631944444
192.58819733796292
192.17337962962964
192.4134230324074
192.6742216435185
192.18649884259256
191.6187962962963
190.55113136574076
189.93477141203704
190.1985300925926
189.80618923611112
190.18454571759256
191.1024363425926
192.9614641203704
193.61475405092597
193.7585243055556
193.52649016203705
193.66606770833332
193.5371267361111
193.04908275462964
193.35540798611112
193.84498842592592
193.90795717592596
194.8572106481481
194.89653935185183
194.0033622685185
193.9352025462963
193.16465856481483
192.90925925925927
192.68192997685185
192.4124045138889
192.38175925925927
192.21596064814813
192.29918113425927
192.49880497685183
192.4140972222222
192.0455208333333
190.98480034722223
190.16787905092596
190.39692129629628
190.3454832175926
189.98441840277775
191.46211226851847
193.6328587962963
193.9966869212963
193.7975144675926
193.5825810185185
193.38915798611112
193.16345196759255
193.2333304398148
193.03896990740745
192.83116608796297
193.03326967592596
193.83796296296296
193.99744502314812
194.45549189814813
194.3197337962963
193.77317129629628
193.64957465277777
193.14053530092596
193.19148726851853
193.12828993055555
192.84004340277775
193.0326099537037
193.068515625
192.2480179398148
191.8581394675926
190.8337210648148
190.17743634259256
190.3050578703704
190.20947337962963
189.7619820601852
191.32598958333327
193.8434259259259
193.7273755787037
194.13539930555555
193.97653645833333
193.9921875
194.17587962962963
193.7515914351852
193.8591030092593
193.55125
193.3655150462963
193.1165133101852
193.06182291666667
192.6099565972222
192.4443778935185
192.72035590277775
192.45339409722223
192.3295659722222
192.3511255787037
192.17839409722225
191.59886863425925
190.46245659722223
189.9286082175926
189.73051215277775
189.7733912037037
189.75702256944444
192.0770659722222
193.95928530092596
193.6890625
193.85390046296297
193.3709664351852
193.97683449074077
194.0167708333333
193.95765625
193.9882638888889
193.69556712962964
193.54844907407409
193.2091087962963
193.15402199074077
193.19402488425925
193.0675173611111
193.2512471064815
193.1659375
192.2430497685185
192.11779803240745
191.7828153935185
191.5058912037037
191.73352141203705
191.57665798611112
191.62147569444448
191.6981597222222
191.5822511574074
190.7043778935185
190.34763310185184
190.3728559027778
189.75354166666668
189.83351851851853
191.3040306712963
193.15430844907408
193.39819733796296
193.1101128472222
193.45625578703704
193.73426215277777
194.25775173611112
194.33019386574077
194.23850694444445
193.92776041666667
193.51663194444444
193.6781278935185
193.286015625
193.13811921296295
193.28561921296296
192.9914930555556
192.86517361111112
192.56532407407408
192.49953703703704
192.06919560185185
192.5012644675926
192.20668402777775
192.25555844907407
191.26811921296297
190.08726851851853
189.6025462962963
189.50327835648147
189.3739236111111
189.6533101851852
191.2312991898148
193.39322916666663
193.9111458333333
194.26109375
193.9873900462963
194.21817997685184
193.85460648148148
193.64923900462964
193.5337528935185
193.40214988425927
193.39537905092592
192.61552372685185
192.54046006944444
192.56753761574075
192.2249363425926
192.91934895833333
192.99991030092596
191.7034056712963
191.83089988425925
191.3163888888889
190.4043287037037
190.2141232638889
189.70014756944445
189.99100405092597
190.07685185185184
190.62100405092596
193.02983217592592
194.00552372685183
193.66916087962963
193.41355613425927
193.0917997685185
193.33016782407407
193.89311631944443
193.7111516203704
193.62743055555555
193.88203993055555
194.04405671296297
192.9874247685185
192.59029803240745
192.89835358796296
192.9004542824074
191.6226880787037
191.92542534722224
190.8115306712963
190.12578125
189.64516493055555
189.21199074074076
188.94936631944444
188.8111024305556
190.2360677083333
193.6717708333333
193.99197916666665
194.24937210648147
193.86948784722225
194.0052777777778
193.74671875
193.8270775462963
193.51452256944444
193.52976851851847
193.5461429398148
193.59206597222223
193.42022569444444
193.36301504629628
193.26781539351853
192.85734664351853
193.13769097222223
192.4366550925926
192.0689236111111
192.14167824074076
192.27820891203703
192.2707349537037
192.37455729166663
191.08699074074076
190.9509519675926
189.95426215277777
189.2181741898148
189.27494502314812
188.36498263888888
192.1470341435185
193.54295717592592
193.43384548611112
193.79296296296295
193.46125
193.45195601851853
193.2452488425926
193.6411545138889
193.19514467592592
193.2914380787037
193.9032986111111
194.27845775462964
194.2050983796296
194.8229774305556
194.58522569444443
193.75069155092592
193.8260677083333
192.41877314814812
192.04066261574076
191.88965277777777
191.91280381944443
192.66828703703703
191.59067997685185
190.3649045138889
189.20835069444445
188.57037905092596
188.24899884259256
187.82766782407407
189.06506076388888
193.09655092592592
193.80793402777775
193.63532407407408
193.4410474537037
193.37833622685184
192.96223958333331
193.03110532407408
193.4501591435185
194.5783391203704
194.62821469907408
195.42037326388888
195.61285590277777
194.1064583333333
193.68958622685184
193.00716145833331
192.5745833333333
192.3262962962963
191.98767939814812
191.70097800925927
192.0584693287037
190.8391984953704
189.65050347222223
188.69386574074076
187.5805584490741
187.84048611111112
187.98603877314812
188.56611689814812
191.3431828703704
194.9278414351852
195.42636574074075
194.33660300925925
194.01572916666663
193.51693576388888
193.02903935185185
193.6690335648148
193.8768547453704
194.61151041666668
194.48151909722225
194.5388975694445
194.51347222222225
193.09055266203703
192.5627430555556
192.2906741898148
191.9144328703704
191.9654253472222
191.17829282407408
191.64255208333333
190.19626446759256
188.81859085648148
188.1640972222222
187.47999131944445
187.0919878472222
187.1827430555556
189.5214641203704
193.5694618055556
193.71022280092592
193.3282957175926
193.65077546296297
193.83250868055555
193.90240451388888
193.85572337962964
194.24852141203704
193.48177083333331
193.5896383101852
193.7393836805556
193.74194155092596
193.82555555555555
193.56084780092596
193.17349247685183
192.79666087962963
192.44340277777775
191.9070775462963
191.87624421296297
191.94609375
192.0533217592593
190.6529253472222
188.76752025462963
187.77929108796295
187.28786747685183
186.86673032407407
186.67974247685183
189.4505758101852
193.63304398148148
194.04660879629628
195.0212615740741
195.09000578703703
193.78696469907408
193.59475405092596
193.5790711805556
193.90059895833332
193.72381944444444
193.89852430555555
193.83972511574075
193.81650173611112
193.19153935185184
192.82339699074075
193.1504976851852
192.73710069444445
192.1207494212963
192.1131712962963
192.30054108796296
191.20158854166667
190.42030960648148
189.4113078703704
188.85750868055555
188.3361400462963
187.54679398148147
189.41600694444443
193.7317476851852
194.3245341435185
193.7953703703704
193.62254340277775
193.11760127314813
192.6801851851852
193.5484375
193.85682002314812
194.38166377314812
194.74759259259255
194.54100983796295
194.5783680555556
194.25694155092592
193.8597685185185
193.57962384259255
193.2511458333333
193.1028125
192.91640335648148
193.56101273148147
192.33647858796297
190.30221064814816
188.88167534722223
188.2718894675926
187.5751012731481
187.64113425925925
191.9492274305556
194.2297743055556
194.17060185185184
194.16913773148147
194.20649016203703
193.67463252314812
194.06619212962963
193.7899710648148
194.20631944444443
194.34591435185183
194.40939236111112
194.5004224537037
194.30212962962963
194.1547771990741
193.81808159722223
193.29572337962964
192.99484375
193.5655179398148
193.9731741898148
192.61584490740745
190.92033275462964
190.3456365740741
189.4144068287037
188.2603645833333
188.31789641203704
192.1206568287037
194.76435185185184
194.70385416666667
194.54833333333332
193.7796122685185
194.1214525462963
194.73923032407407
195.14756655092592
195.91361111111112
195.889453125
195.4224565972222
195.04222800925925
194.6322193287037
192.9694994212963
193.14881655092591
191.6187818287037
191.02814814814812
190.9612355324074
190.02711805555555
188.79309895833333
186.94953703703703
186.46731770833333
186.04261284722224
185.18543981481483
186.82725983796297
192.0149565972222
195.45672453703705
195.98801215277777
196.11729166666663
195.38609085648147
194.47607638888888
194.3974739583333
193.7830150462963
193.92768229166663
194.47483796296297
195.04266203703705
196.1974016203704
196.4969820601852
196.7594241898148
196.6558738425926
196.8931568287037
196.95896122685184
196.6925
197.098984375
196.8560445601852
196.4421064814815
195.6129484953704
195.50665219907407
195.79041087962963
196.4287181712963
199.9911545138889
208.00280381944444
216.18800636574076
228.99046006944445
